"tag"	"new.tag"	"sp"	"dbh04"	"dbh14"	"code04"	"code14"	"stems04"	"stems14"	"pom04"	"pom14"	"date14"	"col"	"row"	"p5"	"x"	"y"
35599	35559	"JAC1CO"	475	494	""	"P"	NA	1	1.3	1.3	20140613	6	6	11	3	4
35092	48029	"VIROSU"	436	514	"B"	"P"	NA	1	3.2	3.2	20140612	4	4	31	13.2	3.4
35079	48030	"NECTCI"	334	72	"MQ"	"R,P"	NA	1	1.3	1.3	20140612	4	6	21	6	0.2
35044	48036	"HYERAL"	450	491	""	"P"	NA	1	1.3	1.3	20140612	4	11	33	14.8	14.8
35026	48042	"PRI2CO"	360	481	""	"P"	NA	1	1.3	1.3	20140612	4	14	43	16.3	11
35563	48044	"PROTTE"	248	255	""	"P"	NA	1	1.3	1.3	20140613	6	1	34	10.2	16
35575	48047	"JAC1CO"	478	588	""	"P"	NA	1	1.3	1.3	20140613	6	2	44	18	16
35593	48052	"GENIAM"	272	272	""	"P"	NA	1	1.3	1.3	20140613	6	5	23	9.1	10.2
35600	48053	"HIRTAM"	257	257	""	"P"	NA	1	1.3	1.3	20140613	6	6	22	7	7
35603	48054	"ASPICR"	320	395	""	"P"	NA	1	1.3	1.3	20140613	6	6	32	12.2	6
35614	48057	"GUSTSU"	220	228	"L"	"P"	NA	1	1.3	1.3	20140613	6	7	42	16	8.9
35606	48059	"PROTTE"	334	362	""	"P"	NA	1	1.3	1.3	20140613	6	7	12	1	8
35619	48061	"SWARS1"	262	263	""	"P"	NA	1	1.3	1.3	20140613	6	8	12	3	7
35647	48066	"QUARAS"	444	495	"B"	"P"	NA	1	2.7	2.7	20140613	6	11	43	17.8	11.5
35651	48069	"PRI2CO"	300	459	""	"P"	NA	1	1.3	1.3	20140613	6	12	41	16	2.4
35656	48074	"ALSEBL"	459	478	"BM"	"P"	NA	1	3.54	3.54	20140613	6	14	11	2	4
35660	48075	"TET2PA"	435	526	""	"P"	NA	1	1.3	1.3	20140613	6	14	22	9.6	6.9
36114	48076	"PROTTE"	437	468	""	"Q,P"	NA	2	1.3	1.3	20140616	9	14	23	7	10.6
36111	48079	"PRI2CO"	206	350	""	"P"	NA	1	1.3	1.3	20140616	9	13	42	15.5	9
36100	48080	"PRI2CO"	654	766	""	""	NA	1	1.3	1.3	20140616	9	12	33	10.1	14.9
35672	48084	"CEIBPE"	0	2280	"B"	"P"	NA	1	1.3	9.15	20140616	9	10	22	9.8	9.9
35689	48092	"ASPICR"	975	1009	"B"	"P"	NA	1	3.3	3.3	20140617	9	7	11	3.6	3.5
35694	48093	"ALCHCO"	355	367	""	""	NA	1	1.3	2.35	20140617	9	7	41	18	3
35698	48095	"UNK?"	439	600	""	""	NA	1	1.3	1.3	20140617	9	6	32	14	8
35718	48097	"PRI2CO"	661	746	""	"P"	NA	1	1.3	1.3	20140617	9	4	44	17	18
24977	48824	"PROTTE"	360	415	""	"P"	NA	1	1.3	1.3	20140611	1	1	21	7	4
24975	48826	"DIPTPA"	272	378	""	"P"	NA	1	1.3	1.3	20140611	1	2	43	15.2	13.5
24968	48830	"OCOTWH"	535	615	""	"P"	NA	2	1.3	3.8	20140611	1	3	13	0.1	11.2
24967	48831	"SYMPGL"	375	485	""	"P"	NA	1	1.3	1.3	20140611	1	4	41	17.2	1.3
24934	48835	"PRI2CO"	426	538	""	"P"	NA	1	1.3	1.3	20140611	1	9	32	12.2	9.9
29487	48837	"TRI2TU"	262	270	""	""	NA	1	1.3	1.3	20140611	1	12	12	2.9	9.2
36002	48838	"CALOLO"	443	699	""	"P"	NA	1	1.3	1.3	20140613	7	0	22	5.1	6
36010	48845	"JAC1CO"	594	725	""	"P"	NA	1	1.3	1.3	20140613	7	2	12	4	9.7
36021	48848	"ANNOSP"	333	379	""	"P"	NA	1	1.3	1.3	20140613	7	3	22	5	5
36025	48850	"SIMAAM"	209	370	""	"P"	NA	1	1.3	1.3	20140613	7	4	12	1.9	8
36046	48855	"UNK?"	343	343	""	"P"	NA	1	1.3	1.3	20140613	7	6	41	17	4
36052	48857	"UNK?"	214	211	"M"	"P"	NA	2	1.3	1.3	20140613	7	7	34	14.9	17
36065	48860	"VIROSU"	525	625	"B"	"P"	NA	1	3.2	3.2	20140613	7	9	44	16.2	16
36077	48862	"PRI2CO"	496	659	""	"P"	NA	1	1.3	1.3	20140616	7	11	34	14.2	17
36083	48863	"POCHSE"	630	662	"B"	"P"	NA	1	3.05	3.05	20140616	7	12	21	9.8	1
36085	48865	"TET2PA"	389	419	""	"P"	NA	1	1.3	1.3	20140616	7	12	44	19	19
36091	48865	"PRI2CO"	441	604	""	"P"	NA	1	1.3	1.3	20140616	7	13	33	12	13
36094	48866	"TET2PA"	677	744	"B"	"P"	NA	1	2.96	2.96	20140616	7	14	11	3	4
29412	49275	"VIROSP"	248	430	""	""	NA	1	1.3	1.3	20140610	0	2	14	3	17
29418	49276	"LICAPL"	303	481	""	"P"	NA	1	1.3	1.3	20140610	0	2	43	17.8	10.3
29416	49277	"VIROSU"	235	347	""	"P"	NA	1	1.3	1.3	20140610	0	2	41	18.3	2
29430	49279	"TET2PA"	457	475	"B"	"P"	NA	1	3.6	3.6	20140610	0	4	21	8.1	4.9
29456	49285	"VOCHFE"	350	490	""	""	NA	1	1.3	1.3	20140610	0	9	24	7	19.9
29463	49286	"VOCHFE"	393	590	""	"P"	NA	1	1.3	1.3	20140610	0	10	13	1.3	10.2
29113	49288	"POULAR"	287	385	""	"P"	NA	1	1.3	3.35	20140611	2	2	11	0.3	1
29127	49292	"PRI2CO"	420	510	""	"P"	NA	1	1.3	1.3	20140611	2	5	22	7	9.9
35001	49295	"BROSAL"	905	977	"B"	"P"	NA	1	3.94	3.94	20140611	2	9	14	3	15.1
35015	49297	"VOCHFE"	249	427	""	"P"	NA	1	1.3	1.3	20140611	2	11	42	17	7.5
29909	49300	"INGASA"	255	299	""	"Q,P"	NA	2	1.3	1.3	20140612	3	2	12	0.3	9.7
29946	49303	"LINDLA"	233	232	"M"	"P"	NA	5	1.3	1.3	20140612	3	9	11	3	3.2
29956	49309	"SIMAAM"	353	450	""	""	NA	1	1.3	1.3	20140612	3	11	44	17	19.2
29966	49310	"AST2GR"	299	328	""	"P"	NA	1	1.3	1.3	20140612	3	13	33	13	13
35554	49314	"JAC1CO"	279	242	"M"	"P"	NA	1	1.3	1.3	20140613	5	0	41	18	4
35549	49320	"AST2GR"	338	357	"B"	"P"	NA	1	2.8	2.8	20140613	5	1	34	13	17.5
35545	49322	"PRI2CO"	315	460	""	"P"	NA	1	1.3	1.3	20140613	5	2	42	19	8.6
35526	49325	"UNK?"	292	377	""	"P"	NA	1	1.3	1.3	20140613	5	5	41	18	2
35517	49327	"JAC1CO"	492	600	""	""	NA	1	1.3	1.3	20140613	5	6	12	2	8
35520	49328	"PRI2CO"	630	758	""	""	NA	1	1.3	1.3	20140613	5	6	14	2.2	16
29976	49335	"APEIME"	555	640	"B"	"P"	NA	1	3.5	3.5	20140613	5	13	21	9	2
35218	49337	"GUATDU"	220	349	""	"P"	NA	1	1.3	1.3	20140617	8	14	12	1.1	5.3
35220	49338	"VIROSU"	224	441	""	"P"	NA	1	1.3	1.3	20140617	8	14	22	7.1	5.2
35200	49342	"POSOLA"	232	233	"MQ"	"P"	NA	2	1.3	1.3	20140616	8	11	32	11	7
35177	49351	"ALSEBL"	285	330	""	""	NA	1	1.3	1.3	20140616	8	8	22	7.5	6
35172	49353	"QUARAS"	718	600	""	"P"	NA	1	1.3	5.1	20140616	8	7	41	15.6	4
35164	49357	"PRI2CO"	444	535	""	"P"	NA	1	1.3	1.3	20140616	8	5	31	10.8	0.3
35155	49360	"SAPIAU"	478	555	""	"P"	NA	1	1.3	1.3	20140616	8	4	44	15.1	18.1
22012	NA	"CORDAL"	368	463	""	""	NA	1	1.3	1.3	20140610	0	13	11	4.5	4.9
22013	NA	"TET2PA"	325	382	""	""	NA	1	1.3	1.3	20140610	0	13	22	7.4	8.2
22014	NA	"PROTTE"	458	474	""	""	NA	1	1.3	1.3	20140617	9	6	24	8	16
24930	NA	"TAB1GU"	273	308	""	""	NA	1	1.3	1.3	20140611	1	10	12	1.6	5.3
24931	NA	"CORDAL"	384	NA	""	"C"	NA	NA	1.3	NA	20140611	1	10	12	2	9.8
24932	NA	"PROTTE"	319	326	""	""	NA	1	1.3	1.3	20140611	1	10	41	19.2	1.2
24933	NA	"PRI2CO"	527	610	""	""	NA	1	1.3	1.3	20140611	1	9	22	9	6
24935	NA	"TET2PA"	331	384	""	""	NA	1	1.3	1.3	20140611	1	9	44	19.7	18.7
24936	NA	"GUSTSU"	287	288	""	""	NA	1	1.3	1.3	20140611	1	9	41	18	4
24937	NA	"TRI2TU"	471	482	""	""	NA	1	1.3	1.3	20140611	1	9	41	18.5	0.1
24938	NA	"GUARGU"	370	NA	""	""	NA	1	1.3	1.3	20140611	1	8	12	1.5	7.2
24939	NA	"VIROSU"	392	NA	""	"C"	NA	NA	1.3	NA	20140611	1	8	32	10.8	5.7
24940	NA	"AST2GR"	845	NA	"B"	"S"	NA	NA	4.45	NA	20140611	1	8	32	14.3	7.9
24941	NA	"PROTTE"	261	278	""	""	NA	1	1.3	1.3	20140611	1	8	34	10.3	18.7
24942	NA	"TET2PA"	498	509	""	""	NA	1	1.3	1.3	20140611	1	7	12	2.1	5.1
24943	NA	"APEIME"	880	NA	"B"	"S"	NA	NA	4.05	NA	20140611	1	7	13	0.3	10.1
24944	NA	"TRI2TU"	289	329	""	""	NA	1	1.3	1.3	20140611	1	7	14	1	15.1
24945	NA	"TET2PA"	205	231	""	""	NA	1	1.3	1.3	20140611	1	7	13	4.5	10.1
24946	NA	"ASPICR"	344	396	""	""	NA	1	1.3	1.3	20140611	1	7	22	6	6
24947	NA	"HYERAL"	619	705	"B"	""	NA	1	4.2	4.2	20140611	1	7	21	6.2	2
24948	NA	"TET2PA"	252	262	""	""	NA	1	1.3	1.3	20140611	1	7	21	6.3	0.1
24949	NA	"GUAPST"	226	227	""	""	NA	1	1.3	1.3	20140611	1	7	31	12.1	3
24950	NA	"HIRTTR"	296	318	"M"	""	NA	2	1.3	1.3	20140611	1	7	32	14.5	9.9
24951	NA	"TERMAM"	1035	1055	"B"	"Q"	NA	1	3.46	3.46	20140611	1	7	42	16	9.6
24952	NA	"CALOLO"	438	507	""	""	NA	1	1.3	1.3	20140611	1	6	13	2	11
24953	NA	"VIROSU"	308	NA	""	"N"	NA	NA	1.3	NA	20140611	1	6	32	14.9	8
24954	NA	"JAC1CO"	752	779	""	""	NA	1	1.3	1.3	20140611	1	6	34	11.1	15.1
24955	NA	"INGASA"	212	259	""	""	NA	12	1.3	1.3	20140611	1	6	44	19.3	15.4
24956	NA	"VIROSU"	371	395	""	""	NA	1	1.3	1.3	20140611	1	5	13	2.2	14.9
24957	NA	"PROTTE"	215	238	""	""	NA	1	1.3	1.3	20140611	1	5	24	6	15.1
24958	NA	"CECRIN"	390	NA	"B"	"C"	NA	NA	3.65	NA	20140611	1	5	24	8	18
24959	NA	"HIRTTR"	272	275	""	""	NA	1	1.3	1.3	20140611	1	5	21	9.7	1.8
24960	NA	"ALCHCO"	630	640	"B"	""	NA	3	4.75	4.75	20140611	1	5	31	11.2	4.3
24961	NA	"POULAR"	237	NA	""	"C"	NA	NA	1.3	NA	20140611	1	5	31	14.7	4.8
24962	NA	"TET2PA"	518	557	""	""	NA	1	1.3	1.3	20140611	1	4	22	6	5.3
24963	NA	"OCOTWH"	457	521	"B"	""	NA	1	4.77	4.77	20140611	1	4	33	14.9	13.9
24964	NA	"VIROSU"	543	593	"B"	""	NA	1	3.9	3.9	20140611	1	4	33	10.2	14.8
24965	NA	"TET2PA"	400	438	"B"	""	NA	1	3.8	3.8	20140611	1	4	34	10.2	18.3
24966	NA	"VIROSE"	261	306	""	""	NA	1	1.3	1.3	20140611	1	4	44	18	15.2
24969	NA	"CECRIN"	291	383	"M"	"P"	NA	2	2.3	1.3	20140611	1	3	11	2.2	4.8
24970	NA	"GUSTSU"	230	244	""	""	NA	1	1.3	1.3	20140611	1	3	13	4.9	13.8
24971	NA	"TET2PA"	379	NA	""	"S"	NA	NA	1.3	NA	20140611	1	3	42	15.2	8.8
24972	NA	"BEILPE"	316	338	""	""	NA	1	1.3	1.3	20140611	1	2	24	6.2	17.9
24973	NA	"PROTTE"	229	279	""	""	NA	1	1.3	1.3	20140611	1	2	21	9	2
24974	NA	"ALSEBL"	426	445	""	""	NA	1	1.3	3.55	20140611	1	2	34	13.8	16.6
24976	NA	"GUARGU"	256	342	""	""	NA	1	1.3	1.3	20140611	1	2	42	17	8.8
24978	NA	"BEILPE"	581	NA	""	"C"	NA	NA	1.3	NA	20140611	1	0	42	16	6
24979	NA	"TRI2TU"	263	NA	""	"S"	NA	NA	1.3	NA	20140611	1	0	11	2.5	4.9
24980	NA	"VIROSU"	773	NA	"B"	"S"	NA	NA	3.23	NA	20140611	1	0	14	4.2	19.6
24981	NA	"BEILPE"	200	203	""	""	NA	1	1.3	1.3	20140611	1	0	24	5.3	18.8
24982	NA	"TET2PA"	212	NA	""	"C"	NA	NA	1.3	NA	20140611	1	0	22	5.6	9
24983	NA	"HEISCO"	231	251	""	""	NA	1	1.3	1.3	20140611	1	0	22	9	5.3
24984	NA	"CALOLO"	327	NA	""	"C"	NA	NA	1.3	NA	20140611	1	0	31	11.8	4
24985	NA	"BEILPE"	305	NA	""	"C"	NA	NA	1.3	NA	20140611	1	0	33	10.2	10.2
24986	NA	"BEILPE"	235	249	""	""	NA	1	1.3	1.3	20140611	1	0	44	15.1	18
29102	NA	"VIROSP"	500	NA	"B"	"N"	NA	NA	3.35	NA	20140611	2	0	11	1.2	0.3
29103	NA	"SPONRA"	535	577	""	""	NA	1	1.3	1.3	20140611	2	0	14	4	16
29104	NA	"JAC1CO"	740	NA	""	"S"	NA	NA	1.3	NA	20140611	2	0	22	9.9	6
29105	NA	"JAC1CO"	406	470	""	""	NA	1	1.3	1.3	20140611	2	0	31	12	3
29106	NA	"TET2PA"	314	NA	""	"C"	NA	NA	1.3	NA	20140611	2	1	11	2.5	0.3
29107	NA	"QUARAS"	568	580	""	""	NA	1	1.3	1.3	20140611	2	1	13	1	12
29108	NA	"TET2PA"	505	NA	""	"S"	NA	NA	1.3	NA	20140611	2	1	24	7	19
29109	NA	"POCHSE"	585	NA	""	"C"	NA	NA	1.3	NA	20140611	2	1	21	8	1.3
29110	NA	"TRI2TU"	334	NA	""	"C"	NA	NA	1.3	NA	20140611	2	1	33	12	10.3
29111	NA	"BROSAL"	413	NA	""	"C"	NA	NA	1.3	NA	20140611	2	1	34	12	16
29112	NA	"TRI2TU"	330	NA	""	"C"	NA	NA	1.3	NA	20140611	2	1	44	16.8	16
29114	NA	"ANACEX"	1478	NA	""	"N"	NA	NA	1.3	NA	20140611	1	2	14	0.1	19.5
29115	NA	"APEIME"	997	1010	"B"	""	NA	1	3	3	20140611	2	2	24	9	19.6
29116	NA	"LACMPA"	828	839	"B"	""	NA	1	3.04	3.04	20140611	2	2	24	9.9	15
29117	NA	"BEILPE"	318	352	""	""	NA	1	1.3	1.3	20140611	2	2	23	9.8	14
29118	NA	"LACMPA"	221	320	""	""	NA	1	1.3	1.3	20140611	2	2	34	14	16
29119	NA	"TAB1GU"	468	555	""	""	NA	1	1.3	1.3	20140611	2	2	43	15.3	14
29120	NA	"QUARAS"	612	NA	"B"	"S"	NA	NA	3.9	NA	20140611	2	3	33	13	14
29121	NA	"INGAM2"	255	NA	""	"S"	NA	NA	1.3	NA	20140611	2	3	43	16.3	10.2
29122	NA	"UNK?"	222	225	"Q"	""	NA	1	1.3	1.3	20140611	2	4	11	2.2	3
29123	NA	"TET2PA"	525	NA	""	"C"	NA	NA	1.3	NA	20140611	2	4	23	8	13
29124	NA	"POULAR"	391	NA	"B"	"S"	NA	NA	3.77	NA	20140611	2	5	11	0.4	3.3
29125	NA	"TRATAS"	760	782	""	""	NA	1	1.3	1.3	20140611	2	5	24	9.9	16.7
29126	NA	"APEIME"	211	211	""	""	NA	1	1.3	1.3	20140611	2	5	24	9	15.2
29128	NA	"UNK?"	284	285	""	""	NA	1	1.3	1.3	20140611	2	5	44	15	15
29129	NA	"HEISCO"	227	235	""	""	NA	1	1.3	1.3	20140611	2	5	43	18	13
29130	NA	"TET2PA"	474	590	""	""	NA	1	1.3	1.3	20140611	2	5	42	15.1	5.1
29131	NA	"PROTTE"	300	310	"Q"	"Q"	NA	1	1.3	1.3	20140611	2	5	41	15.1	4.1
29132	NA	"INGAGO"	219	NA	""	"S"	NA	NA	1.3	NA	20140611	2	6	11	1	3
29133	NA	"HEISCO"	281	289	""	""	NA	1	1.3	1.3	20140611	2	6	11	3	3.8
29134	NA	"ASPICR"	774	693	""	""	NA	1	1.3	3.75	20140611	2	6	12	1.9	5.5
29135	NA	"GUAPST"	560	585	"B"	""	NA	1	3.34	3.34	20140611	2	6	13	0.2	13.6
29136	NA	"BROSAL"	910	914	""	""	NA	1	1.3	3.2	20140611	2	6	31	14.5	2
29137	NA	"HEISCO"	267	267	""	""	NA	1	1.3	1.3	20140611	2	6	32	14	7
29138	NA	"TRATAS"	227	240	""	""	NA	1	1.3	1.3	20140611	2	6	33	12	14.9
29139	NA	"TRATAS"	369	373	""	""	NA	1	1.3	1.3	20140611	2	6	34	13	16
29140	NA	"APEITI"	422	434	"B"	""	NA	1	3.35	3.35	20140611	2	6	34	12	17
29141	NA	"CASEAR"	375	409	""	""	NA	1	1.3	1.3	20140611	2	6	42	19.8	9.9
29142	NA	"LICAPL"	422	450	""	""	NA	1	1.3	1.3	20140611	2	7	12	4	9.4
29143	NA	"PROTTE"	397	405	""	""	NA	1	1.3	1.3	20140611	2	7	22	5.1	6
29144	NA	"CASSEL"	356	357	""	""	NA	1	1.3	1.3	20140611	2	7	34	12	18
29145	NA	"APEIME"	483	493	"B"	""	NA	1	3.28	3.28	20140611	2	7	44	16	16
29146	NA	"BROSAL"	563	625	"B"	""	NA	1	4.83	5.93	20140611	2	7	43	17	13
29147	NA	"PROTTE"	298	NA	""	"C"	NA	NA	1.3	NA	20140611	2	8	13	0.1	12.2
29148	NA	"LACMPA"	285	353	""	""	NA	1	1.3	3.35	20140611	2	8	32	13	9.9
29149	NA	"TET2PA"	522	NA	""	"S"	NA	NA	1.3	NA	20140611	2	8	44	19	18.5
29150	NA	"VIROSU"	225	240	""	""	NA	1	1.3	1.3	20140611	2	8	41	19	4.8
29151	NA	"CHR2AR"	491	500	"B"	""	NA	1	2.91	2.91	20140611	2	8	41	18	3
29401	NA	"TET2PA"	295	305	""	""	NA	1	1.3	1.3	20140610	0	0	13	1.5	12
29402	NA	"SYMPGL"	553	586	""	""	NA	1	1.3	1.3	20140610	0	0	22	5.6	6
29403	NA	"HEISCO"	215	242	""	""	NA	1	1.3	1.3	20140610	0	0	32	11.8	8
29404	NA	"SIMAAM"	219	230	""	""	NA	1	1.3	1.3	20140610	0	0	34	11	17.8
29405	NA	"PROTTE"	222	22	""	"Q"	NA	1	1.3	1.3	20140610	0	0	43	18.8	12.7
29406	NA	"OCOTWH"	467	482	"M"	"L"	NA	6	1.3	1.3	20140610	0	1	13	4	11.5
29407	NA	"BEILPE"	827	NA	""	"C"	NA	NA	1.3	NA	20140610	0	1	21	8.2	4.6
29408	NA	"DRYPST"	239	276	""	""	NA	1	1.3	1.3	20140610	0	1	44	15.2	15.8
29409	NA	"GUSTSU"	200	204	""	""	NA	1	1.3	1.3	20140610	0	1	42	15.2	8.8
29410	NA	"VIROSU"	892	892	"B"	""	NA	1	3.8	3.8	20140610	0	1	41	15.2	2
29411	NA	"CECRIN"	247	NA	""	"S"	NA	NA	1.3	NA	20140610	0	2	13	3	10.8
29413	NA	"CECRIN"	230	254	""	""	NA	1	1.3	1.3	20140610	0	2	34	13	18.2
29414	NA	"VIROSP"	276	NA	""	"C"	NA	NA	1.3	NA	20140610	0	2	21	9.9	4.8
29415	NA	"GUATDU"	315	439	""	""	NA	1	1.3	1.3	20140610	0	2	31	12.1	4.9
29417	NA	"PROTTE"	220	295	""	""	NA	1	1.3	1.3	20140610	0	2	42	17	9.9
29419	NA	"TREMMI"	203	NA	""	"C"	NA	NA	1.3	NA	20140610	0	3	11	4.5	0.1
29420	NA	"GUARGU"	451	460	""	""	NA	1	1.3	1.3	20140610	0	3	14	3	16.7
29421	NA	"VIROSE"	625	679	"B"	""	NA	1	3.6	3.6	20140610	0	3	23	5.3	14.8
29422	NA	"GUSTSU"	228	230	""	""	NA	1	1.3	1.3	20140610	0	3	22	9.9	9.7
29423	NA	"POULAR"	0	NA	"B"	"C"	NA	NA	1.3	NA	20140610	0	3	23	9	11.9
29424	NA	"XYL1MA"	200	239	""	""	NA	1	1.3	1.3	20140610	0	3	23	8.3	11
29425	NA	"CECRIN"	240	NA	""	"C"	NA	NA	1.3	NA	20140610	0	3	21	9	0.2
29426	NA	"BEILPE"	370	528	""	""	NA	1	1.3	1.3	20140610	0	3	34	14.9	15.2
29427	NA	"ALCHCO"	451	469	"BM"	""	NA	16	6	6	20140610	0	4	11	4	3.8
29428	NA	"TET2PA"	295	340	"B"	""	NA	1	2.52	2.52	20140610	0	4	12	1	5.8
29429	NA	"VIROSE"	268	325	""	""	NA	1	1.3	1.3	20140610	0	4	13	1.6	14
29431	NA	"POUTRE"	221	245	""	""	NA	1	1.3	1.3	20140610	0	4	21	7.2	4
29432	NA	"GUATDU"	299	320	""	""	NA	1	1.3	1.3	20140610	0	4	41	19.2	3.1
29433	NA	"APEIME"	631	640	""	""	NA	1	1.3	1.3	20140610	0	5	11	2.6	3.6
29434	NA	"LINDLA"	205	222	"M"	""	NA	4	1.3	1.3	20140610	0	5	11	2	3.7
29435	NA	"VIROSE"	213	214	""	"Q"	NA	1	1.3	1.3	20140610	0	5	13	4.2	13.2
29436	NA	"LACMPA"	408	472	"B"	""	NA	1	3.37	3.37	20140610	0	5	34	10.1	17.9
29437	NA	"AST2GR"	300	313	""	""	NA	1	1.3	1.3	20140610	0	5	44	15.3	16.5
29438	NA	"APEIME"	662	703	""	""	NA	1	1.3	3.95	20140610	0	6	13	4.6	10.1
29439	NA	"APEITI"	505	NA	"B"	"N"	NA	NA	4.57	NA	20140610	0	6	24	7.8	19.9
29440	NA	"TET2PA"	210	259	""	""	NA	1	1.3	1.3	20140610	0	6	24	9.9	17.2
29441	NA	"ASPICR"	315	329	""	""	NA	1	1.3	1.3	20140610	0	6	22	9	8.5
29442	NA	"ALSEBL"	310	330	""	""	NA	1	1.3	1.3	20140610	0	6	22	5.1	8
29443	NA	"PROTTE"	225	219	""	""	NA	1	1.3	1.3	20140610	0	6	32	11	7.7
29444	NA	"TET2PA"	549	565	""	""	NA	1	1.3	1.3	20140610	0	6	43	17	12
29445	NA	"TACHVE"	408	538	""	""	NA	1	1.3	3.2	20140610	0	6	42	18	7.5
29446	NA	"VIROSE"	294	310	""	""	NA	1	1.3	1.3	20140610	0	7	13	2.9	10.1
29447	NA	"TET2PA"	282	288	""	""	NA	1	1.3	1.3	20140610	0	7	14	4.8	19.6
29448	NA	"QUARAS"	379	400	"B"	""	NA	1	3.49	3.49	20140610	0	7	24	8.2	19
29449	NA	"TET2PA"	371	425	""	""	NA	1	1.3	1.3	20140610	0	7	22	9	8.9
29450	NA	"ALSEBL"	209	237	""	""	NA	1	1.3	1.3	20140610	0	7	41	18	3
29451	NA	"BEILPE"	337	397	""	""	NA	1	1.3	1.3	20140610	0	7	43	17.2	11
29452	NA	"HIRTTR"	240	302	""	""	NA	1	1.3	1.3	20140610	0	7	34	12.2	19.2
29453	NA	"LICAPL"	470	490	"B"	""	NA	1	3.72	3.72	20140610	0	8	24	9.7	17.8
29454	NA	"ANACEX"	1598	1690	""	""	NA	1	1.3	1.3	20140610	0	8	22	9.8	9.9
29455	NA	"TRI2TU"	384	NA	""	"C"	NA	NA	1.3	NA	20140610	0	8	43	15.2	10.7
29457	NA	"ALSEBL"	290	290	""	""	NA	1	1.3	1.3	20140610	0	9	31	10.7	4.9
29458	NA	"TRI2TU"	200	NA	""	"N"	NA	NA	1.3	NA	20140610	0	9	31	10.4	4
29459	NA	"POCHSE"	390	420	""	""	NA	1	1.3	1.3	20140610	0	9	33	14.2	11.9
29460	NA	"LICAPL"	430	461	"B"	""	NA	1	3.68	3.68	20140610	0	9	33	11.3	14.6
29461	NA	"CECRIN"	295	319	""	""	NA	1	1.3	1.3	20140610	0	9	43	19.4	11.5
29462	NA	"VIROSE"	244	244	""	""	NA	1	1.3	1.3	20140610	0	9	42	19	8
29464	NA	"TET2PA"	275	282	""	""	NA	1	1.3	1.3	20140610	0	10	24	9.4	18
29465	NA	"ALSEBL"	231	231	""	""	NA	1	1.3	1.3	20140610	0	10	24	8.2	16
29466	NA	"TET2PA"	354	360	""	""	NA	1	1.3	1.3	20140610	0	10	22	6.8	6
29467	NA	"VOCHFE"	325	465	""	""	NA	1	1.3	1.3	20140610	0	10	32	11	8
29468	NA	"APEIME"	758	766	"BM"	""	NA	3	3.78	3.78	20140610	0	10	44	15.2	18.7
29469	NA	"JAC1CO"	465	NA	""	"N"	NA	NA	1.3	NA	20140610	0	10	44	18	18
29470	NA	"ALSEBL"	207	210	""	""	NA	1	1.3	1.3	20140610	0	10	44	17.2	15.1
29471	NA	"TET2PA"	266	273	""	""	NA	1	1.3	1.3	20140610	0	11	11	4.6	4.4
29472	NA	"PLA1PI"	564	600	""	""	NA	1	1.3	1.3	20140610	0	11	14	4.9	17.5
29473	NA	"ALSEBL"	201	205	""	""	NA	1	1.3	1.3	20140610	0	11	14	4	18
29474	NA	"DRYPST"	210	218	""	""	NA	1	1.3	1.3	20140610	0	11	24	8.9	18.6
29475	NA	"ALSEBL"	314	320	"B"	""	NA	1	3.42	3.42	20140610	0	11	23	9.9	13
29476	NA	"ALSEBL"	263	299	"B"	""	NA	1	3.75	3.75	20140610	0	11	23	8	10
29477	NA	"HYERAL"	618	653	"B"	""	NA	1	3.7	3.7	20140610	0	11	21	9	3
29478	NA	"APEIME"	483	483	""	""	NA	1	1.3	1.3	20140610	0	11	43	19.2	11.9
29479	NA	"GUSTSU"	245	247	""	""	NA	1	1.3	1.3	20140610	0	12	12	0.2	9.5
29480	NA	"ALSEBL"	254	272	"M"	""	NA	2	1.3	1.3	20140610	0	12	14	1.2	15.7
29481	NA	"ALSEBL"	398	419	""	""	NA	1	1.3	1.3	20140610	0	12	23	8.2	13
29482	NA	"TET2PA"	294	305	""	""	NA	1	1.3	1.3	20140610	0	12	22	8	8
29483	NA	"POUTRE"	295	405	""	""	NA	1	1.3	1.3	20140610	0	12	32	12.1	8
29484	NA	"TET2PA"	303	331	""	""	NA	1	1.3	1.3	20140610	0	12	43	19	10.4
29485	NA	"HIRTAM"	343	NA	""	"N"	NA	NA	1.3	NA	20140611	1	12	11	3	2
29486	NA	"POUTRE"	418	470	"B"	""	NA	1	2.97	2.97	20140611	1	12	12	4.9	8.5
29488	NA	"DIPTPA"	786	708	"B"	""	NA	1	4.03	6.11	20140611	1	12	13	2.8	10.1
29489	NA	"HIRTAM"	275	273	"M"	"Q"	NA	3	1.3	1.3	20140611	1	12	14	0.3	16.2
29490	NA	"TET2PA"	222	222	""	""	NA	1	1.3	1.3	20140611	1	12	14	4.8	19.2
29491	NA	"DRYPST"	212	250	""	""	NA	1	1.3	1.3	20140611	1	12	24	9.5	19.6
29492	NA	"POCHSE"	514	530	""	""	NA	1	1.7	1.3	20140611	1	12	23	5.1	13
29493	NA	"ALSEBL"	229	231	"M"	""	NA	2	1.3	1.3	20140611	1	12	33	11.2	10.2
29494	NA	"TET2PA"	321	368	""	"P"	NA	1	1.7	1.3	20140611	1	12	43	19	10.3
29495	NA	"LICAHY"	267	289	""	""	NA	1	1.3	1.3	20140611	1	11	32	10.6	6
29496	NA	"PROTTE"	212	218	""	""	NA	1	1.3	1.3	20140611	1	11	31	14.8	4.4
29497	NA	"TACHVE"	543	734	"B"	"P"	NA	1	3.76	3.76	20140611	1	11	43	18	12
29498	NA	"TAB1GU"	1050	1061	"B"	""	NA	1	3.85	3.85	20140611	1	11	32	12	7
29499	NA	"SIMAAM"	256	320	""	""	NA	1	1.3	1.3	20140611	1	11	41	19	4
29500	NA	"POUTRE"	500	NA	"B"	"S"	NA	NA	3.6	NA	20140611	1	10	11	2	0.5
29900	NA	"CECRIN"	212	333	""	""	NA	1	1.3	1.3	20140612	3	0	12	3	9
29901	NA	"TET2PA"	219	223	""	""	NA	1	1.3	1.3	20140612	3	0	13	4	13
29902	NA	"TET2PA"	220	NA	""	"S"	NA	NA	1.3	NA	20140612	3	0	22	9.2	8
29903	NA	"UNK?"	270	NA	""	"C"	NA	NA	1.3	NA	20140612	3	0	44	18.2	17
29904	NA	"PROTTE"	307	NA	"Q"	"C"	NA	NA	1.3	NA	20140612	3	0	44	18	16.3
29905	NA	"ALSEBL"	258	NA	""	"C"	NA	NA	1.3	NA	20140612	3	1	13	3	13
29906	NA	"PRI2CO"	204	NA	""	"C"	NA	NA	1.3	NA	20140612	3	1	21	8.6	0.3
29907	NA	"VIROSE"	302	NA	"Q"	"S"	NA	NA	1.3	NA	20140612	3	1	34	10.2	17.4
29908	NA	"ALSEBL"	229	235	""	""	NA	1	1.3	1.3	20140612	3	1	44	17	17
29910	NA	"ALSEBL"	283	301	""	""	NA	1	1.3	2.2	20140612	3	2	21	8.9	2.4
29911	NA	"INGAM2"	273	285	""	""	NA	1	1.3	1.3	20140612	3	3	12	1	7.3
29912	NA	"CORDBI"	280	307	""	""	NA	1	1.3	1.3	20140612	3	3	23	8.8	13.4
29913	NA	"ZANTPR"	209	257	""	""	NA	1	1.3	1.3	20140612	3	4	12	1.5	7
29914	NA	"TET2PA"	450	470	""	""	NA	1	1.3	1.3	20140612	3	4	23	9	12
29915	NA	"TACHVE"	427	NA	"B"	"C"	NA	NA	3.72	NA	20140612	3	4	31	14	2.5
29916	NA	"PROTTE"	355	368	"M"	""	NA	4	1.3	1.3	20140612	3	4	42	17	6.5
29917	NA	"TERMAM"	1146	1158	"B"	""	NA	1	5.5	5.5	20140612	3	5	12	1.2	7
29918	NA	"CALOLO"	417	NA	""	"C"	NA	NA	1.3	NA	20140612	3	5	12	1.2	6.7
29919	NA	"TET2PA"	503	547	""	""	NA	1	1.3	1.3	20140612	3	5	14	0.3	18.5
29920	NA	"GUSTSU"	242	245	""	""	NA	1	1.3	1.3	20140612	3	5	22	8.8	9.8
29921	NA	"TERMAM"	589	723	"B"	"Q"	NA	1	3.5	3.5	20140612	3	5	32	10.3	6.6
29922	NA	"TET2PA"	301	310	""	"L"	NA	1	1.3	1.3	20140612	3	5	43	16	11.8
29923	NA	"CORDBI"	356	395	"Q"	""	NA	1	1.3	1.3	20140612	3	5	42	18	7
29924	NA	"TET2PA"	229	265	""	""	NA	1	1.3	1.3	20140612	3	5	41	17	2
29925	NA	"TET2PA"	216	255	""	""	NA	1	1.3	1.3	20140612	3	6	11	4	0.3
29926	NA	"TET2PA"	459	495	""	""	NA	1	1.3	1.3	20140612	3	6	11	1.2	4.9
29927	NA	"VIROSU"	364	NA	""	"C"	NA	NA	1.3	NA	20140612	3	6	13	1.3	11
29928	NA	"UNK?"	236	NA	""	"N"	NA	NA	1.3	NA	20140612	3	6	23	9.8	10.2
29929	NA	"UNK?"	216	NA	""	"C"	NA	NA	1.3	NA	20140612	3	6	33	14	10.6
29930	NA	"TRI2TU"	289	NA	""	"S"	NA	NA	1.3	NA	20140612	3	6	41	17	0.4
29931	NA	"MACRGL"	487	490	"B"	""	NA	1	1.35	1.35	20140612	3	7	11	3	1.2
29932	NA	"VIROSU"	266	324	""	""	NA	1	1.3	1.3	20140612	3	7	12	4	5.2
29933	NA	"PROTTE"	408	418	"B"	""	NA	1	2.05	2.05	20140612	3	7	24	9	19
29934	NA	"LACMPA"	327	455	""	""	NA	1	1.3	1.3	20140612	3	7	22	9	8
29935	NA	"MACRGL"	247	247	""	"P"	NA	1	1.3	1.3	20140612	3	7	32	13	8
29936	NA	"VIROSE"	244	NA	""	"C"	NA	NA	1.3	NA	20140612	3	7	33	11	13
29937	NA	"MACRGL"	652	656	"B"	""	NA	1	1.3	1.3	20140612	3	7	42	16.6	5.3
29938	NA	"VIROSU"	657	685	"B"	""	NA	1	3.7	3.7	20140612	3	7	42	16.6	5.3
29939	NA	"TET2PA"	229	240	""	""	NA	1	1.3	1.3	20140612	3	8	14	4	19.6
29940	NA	"TET2PA"	479	540	""	""	NA	1	1.3	1.3	20140612	3	8	21	7	2
29941	NA	"VIROSU"	540	588	"B"	""	NA	1	3.32	3.32	20140612	3	8	32	12.2	6
29942	NA	"GUSTSU"	231	245	""	""	NA	1	1.3	1.3	20140612	3	8	32	11	9
29943	NA	"TET2PA"	522	543	"B"	""	NA	1	3.23	3.23	20140612	3	8	34	11	18.6
29944	NA	"UNK?"	273	NA	""	"S"	NA	NA	1.3	NA	20140612	3	8	43	19	14.8
29945	NA	"LONCLA"	348	388	""	""	NA	1	1.3	1.3	20140612	3	8	42	18.7	6
29947	NA	"UNK?"	207	211	""	""	NA	1	1.3	1.3	20140612	3	9	14	2	18
29948	NA	"VIROSE"	222	NA	""	"C"	NA	NA	1.3	NA	20140612	3	9	23	7.9	11.5
29949	NA	"PROTTE"	421	440	""	""	NA	1	1.3	1.3	20140612	3	9	22	7	6
29950	NA	"PROTTE"	291	300	""	""	NA	1	1.3	1.3	20140612	3	9	42	16.2	9
29951	NA	"PROTTE"	202	210	""	""	NA	1	1.3	1.3	20140612	3	10	13	3	12.5
29952	NA	"GUSTSU"	269	272	"M"	""	NA	3	1.3	1.3	20140612	3	10	22	9.3	8
29953	NA	"EUGECO"	202	248	""	""	NA	1	1.3	1.3	20140612	3	10	33	11.2	11.3
29954	NA	"INGAUM"	209	NA	"L"	"S"	NA	NA	1.3	NA	20140612	3	10	34	10.7	19
29955	NA	"INGAS1"	232	NA	"Q"	"N"	NA	NA	1.3	NA	20140612	3	11	23	9.9	10.2
29957	NA	"CORDBI"	249	262	""	""	NA	1	1.3	1.3	20140612	3	11	44	19.6	18
29958	NA	"HYERAL"	301	312	"M"	""	NA	2	1.3	1.3	20140612	3	12	11	0.3	2
29959	NA	"POUTST"	516	532	"B"	""	NA	1	2.97	2.97	20140612	3	12	11	3.2	3.7
29960	NA	"TET2PA"	378	NA	""	"N"	NA	NA	1.3	NA	20140612	3	12	13	2.2	11
29961	NA	"ENTECY"	774	790	""	""	NA	1	1.3	3.35	20140612	3	12	24	9	18
29962	NA	"AST2GR"	361	380	""	""	NA	1	1.3	1.3	20140612	3	12	24	8	17
29963	NA	"PTERRO"	449	472	"B"	""	NA	1	2.25	2.25	20140612	3	13	14	3	19
29964	NA	"JAC1CO"	321	369	""	""	NA	1	1.3	1.3	20140612	3	13	23	9.5	12
29965	NA	"CUPARU"	286	299	""	""	NA	1	1.3	1.3	20140612	3	13	22	9.6	9
29967	NA	"JAC1CO"	558	590	""	""	NA	1	1.3	1.3	20140612	3	13	41	18.8	2
29968	NA	"CORDAL"	284	285	""	""	NA	1	1.3	1.3	20140612	3	13	41	18	1.8
29969	NA	"APEIME"	306	310	"Q"	""	NA	1	1.3	1.3	20140612	3	14	43	19.7	11.5
29970	NA	"ALSEBL"	305	355	""	""	NA	1	1.3	1.3	20140612	3	14	42	17	9.4
29971	NA	"UNK?"	387	475	"B"	""	NA	1	3.64	3.64	20140613	5	14	21	9	0.6
29972	NA	"TET2PA"	714	747	"B"	""	NA	1	2.92	3.92	20140613	5	14	43	19	10.3
29973	NA	"TET2PA"	215	230	""	""	NA	1	1.3	1.3	20140613	5	14	42	19.3	6.3
29974	NA	"CASESY"	249	255	""	""	NA	1	1.3	1.3	20140613	5	13	12	0.3	7
29975	NA	"UNK?"	905	886	"B"	""	NA	1	3.15	3.15	20140613	5	13	12	1	9.6
29977	NA	"SIMAAM"	423	485	""	""	NA	1	1.3	1.3	20140613	5	13	44	19	17
29978	NA	"JAC1CO"	310	438	""	""	NA	1	1.3	1.3	20140613	5	12	13	2.3	10.6
29979	NA	"UNK?"	267	295	""	""	NA	1	1.3	1.3	20140613	5	12	14	4	19
29980	NA	"JAC1CO"	712	750	""	""	NA	1	1.3	1.3	20140613	5	12	32	13	9.2
29981	NA	"JAC1CO"	474	510	""	""	NA	1	1.3	1.3	20140613	5	12	34	10.3	17
29982	NA	"TET2PA"	232	275	""	""	NA	1	1.3	1.3	20140613	5	12	34	13.6	17
29983	NA	"VIROSE"	252	265	""	""	NA	1	1.3	1.3	20140613	5	12	41	19.6	2.5
29984	NA	"POCHSE"	333	NA	""	"S"	NA	NA	1.3	NA	20140613	5	12	41	18.8	2.5
29985	NA	"TAB1GU"	915	903	"B"	"Q,EM"	NA	1	3.1	3.1	20140613	5	11	11	0.3	0.6
29986	NA	"HEISCO"	348	360	""	""	NA	1	1.3	1.3	20140613	5	11	22	9.5	6
29987	NA	"AMAICO"	269	NA	""	"S"	NA	NA	1.3	NA	20140613	5	11	21	9.8	1.2
29988	NA	"XYL1MA"	265	340	""	""	NA	1	1.3	1.3	20140613	5	11	34	12	18
29989	NA	"TRI2TU"	282	292	""	""	NA	1	1.3	1.3	20140613	5	11	34	13	18
29990	NA	"TET2PA"	363	399	""	""	NA	1	1.3	1.3	20140613	5	11	42	17	9
29991	NA	"SIMAAM"	507	545	""	""	NA	1	1.3	1.3	20140613	5	10	13	2.1	12.2
29992	NA	"TET2PA"	270	364	""	""	NA	1	1.3	1.3	20140613	5	10	22	8.5	6.1
29993	NA	"SIMAAM"	386	395	""	""	NA	1	1.3	1.3	20140613	5	10	31	13	3.8
29994	NA	"TET2PA"	455	473	"B"	""	NA	1	1.85	1.85	20140613	5	10	34	10.2	19.5
29995	NA	"PRI2CO"	1013	1061	"B"	""	NA	1	1.63	1.63	20140613	5	10	34	14	19.5
29996	NA	"POUTRE"	490	523	"B"	""	NA	1	3.35	3.35	20140613	5	10	43	19	13
29997	NA	"TET2PA"	321	365	""	""	NA	1	1.3	1.3	20140613	5	10	42	16.8	6
29998	NA	"CORDBI"	284	290	""	""	NA	1	1.3	1.3	20140613	5	10	41	16.7	4
29999	NA	"TRI2TU"	287	300	""	""	NA	1	1.3	1.3	20140613	5	10	41	18.8	1.2
30000	NA	"JAC1CO"	430	NA	""	"N"	NA	NA	1.3	NA	20140613	5	9	11	1.4	3.5
35002	NA	"VIROSE"	211	225	""	""	NA	1	1.3	1.3	20140611	2	9	22	8.4	5.2
35003	NA	"TET2PA"	246	250	""	""	NA	1	1.3	1.3	20140611	2	9	21	5.5	1
35004	NA	"POCHSE"	233	295	""	""	NA	1	1.3	1.3	20140611	2	10	12	3	7
35005	NA	"JAC1CO"	809	838	"B"	""	NA	1	4.45	4.45	20140611	2	10	12	4.5	7
35006	NA	"UNK?"	240	NA	""	"N"	NA	NA	1.3	NA	20140611	2	10	23	9.9	14.8
35007	NA	"POUTRE"	335	388	""	""	NA	1	1.3	1.3	20140611	2	10	34	14	19.7
35008	NA	"TERMAM"	491	531	"BQ"	"Q"	NA	1	2.8	2.8	20140611	2	10	32	14.8	6.9
35009	NA	"DIPTPA"	690	810	""	""	NA	1	1.3	1.3	20140611	2	10	41	16.8	3
35010	NA	"ALSEBL"	212	212	"B"	"Q"	NA	1	2.9	2.9	20140611	2	10	42	16	6
35011	NA	"LONCLA"	275	290	""	""	NA	1	1.3	1.3	20140611	2	10	44	17	19
35012	NA	"ALSEBL"	249	256	""	""	NA	1	1.3	1.3	20140611	2	11	12	1	9.2
35013	NA	"ALSEBL"	350	349	""	""	NA	1	1.3	1.3	20140611	2	11	22	7.6	9.8
35014	NA	"APEIME"	523	497	""	""	NA	1	1.3	4.4	20140611	2	11	22	8	5.4
35016	NA	"TET2PA"	320	320	""	""	NA	1	1.3	1.3	20140611	2	12	12	0.8	5.2
35017	NA	"CUPARU"	355	360	""	"L"	NA	1	1.3	1.3	20140611	2	12	13	1.2	13
35018	NA	"UNK?"	579	NA	"B"	"S"	NA	NA	3.02	NA	20140611	2	12	23	9	13.2
35019	NA	"APEIME"	811	815	""	""	NA	1	1.3	1.3	20140611	2	12	31	12	1
35020	NA	"UNK?"	589	590	""	""	NA	1	1.3	1.3	20140611	2	12	42	15.7	6.5
35021	NA	"UNK?"	455	NA	"MQ"	"C"	NA	NA	1.3	NA	20140612	4	14	13	0.4	10.3
35022	NA	"ZUELGU"	239	NA	""	"C"	NA	NA	1.3	NA	20140612	4	14	24	7	17
35023	NA	"SPONRA"	459	485	""	""	NA	1	1.3	1.3	20140612	4	14	21	5.1	1
35024	NA	"HEISCO"	221	233	""	""	NA	1	1.3	1.3	20140612	4	14	32	13	6.2
35025	NA	"TRI2TU"	304	343	""	""	NA	1	1.3	1.3	20140612	4	14	44	19.5	15.2
35027	NA	"PRI2CO"	270	285	""	""	NA	1	1.3	1.3	20140612	4	13	11	1.3	2.2
35028	NA	"HEISCO"	201	206	""	""	NA	1	1.3	1.3	20140612	4	13	12	4.9	6
35029	NA	"APEIME"	968	954	"B"	"Q"	NA	1	3.6	3.6	20140612	4	13	13	4.2	10.5
35030	NA	"TET2PA"	522	524	""	""	NA	1	1.3	1.3	20140612	4	13	14	1	18.7
35031	NA	"PRI2CO"	375	412	""	""	NA	1	1.3	1.3	20140612	4	13	22	7.5	9.8
35032	NA	"HIRTAM"	238	247	""	""	NA	1	1.3	1.3	20140612	4	13	21	9	3.3
35033	NA	"POUTRE"	392	412	""	""	NA	1	1.3	1.3	20140612	4	13	44	15.2	18.2
35034	NA	"ALSEBL"	240	294	""	""	NA	1	1.3	1.3	20140612	4	12	13	0.7	10.7
35035	NA	"TRATAS"	438	489	""	""	NA	1	1.3	1.3	20140612	4	12	13	0.8	12
35036	NA	"TRATAS"	287	327	""	""	NA	1	1.3	1.3	20140612	4	12	23	6	11.7
35037	NA	"TRI2TU"	278	322	""	""	NA	1	1.3	1.3	20140612	4	12	21	6	4.3
35038	NA	"ALSEBL"	230	251	""	""	NA	1	1.3	1.3	20140612	4	12	32	14.9	6.3
35039	NA	"JAC1CO"	555	NA	""	"C"	NA	NA	1.3	NA	20140612	4	12	34	14.8	18.8
35040	NA	"LACMPA"	227	231	""	""	NA	1	1.3	1.3	20140612	4	11	11	4	2.7
35041	NA	"GUAPST"	279	353	""	""	NA	1	1.3	1.3	20140612	4	11	13	4	12
35042	NA	"ALSEBL"	263	303	""	""	NA	1	1.3	1.3	20140612	4	11	14	4	19.5
35043	NA	"POCHSE"	387	441	""	""	NA	1	1.3	1.3	20140612	4	11	34	13.2	15.1
35045	NA	"SIMAAM"	364	381	""	""	NA	1	1.3	1.3	20140612	4	11	31	12	4.9
35046	NA	"HEISCO"	255	255	""	""	NA	1	1.3	1.3	20140612	4	11	31	12	3.5
35047	NA	"DIPTPA"	903	976	"B"	""	NA	1	3.93	3.93	20140612	4	11	42	18	8
35048	NA	"TRI2TU"	258	270	""	""	NA	1	1.3	1.3	20140612	4	11	43	19	11
35049	NA	"GUAPST"	600	602	"B"	""	NA	1	3.29	3.29	20140612	4	10	12	0.3	9
35050	NA	"ALSEBL"	425	434	""	""	NA	2	1.3	1.3	20140612	4	10	34	11	9.9
35051	NA	"SIMAAM"	211	274	""	""	NA	1	1.3	1.3	20140612	4	10	32	10.6	16
35052	NA	"GUARGU"	314	351	""	""	NA	1	1.3	1.3	20140612	4	10	42	16	7
35053	NA	"HIRTTR"	310	321	""	""	NA	1	1.3	1.3	20140612	4	9	14	0.9	15.1
35054	NA	"TET2PA"	334	348	""	""	NA	1	1.3	1.3	20140612	4	9	14	0.2	17.4
35055	NA	"LUEHSE"	608	631	"B"	""	NA	1	3.4	3.4	20140612	4	9	23	8	13
35056	NA	"TRATAS"	515	558	""	""	NA	1	1.3	1.3	20140612	4	9	32	14.8	7.7
35057	NA	"ALSEBL"	220	254	""	""	NA	1	1.3	1.3	20140612	4	9	44	19	17
35058	NA	"JAC1CO"	397	NA	""	"C"	NA	NA	1.3	NA	20140612	4	9	42	18	5.6
35059	NA	"VIROSU"	760	NA	""	"S"	NA	NA	1.3	NA	20140612	4	8	11	1	0.3
35060	NA	"VIROSU"	454	409	""	""	NA	1	1.3	3.25	20140612	4	8	13	1	10.6
35061	NA	"MACRGL"	322	341	""	""	NA	1	1.3	1.3	20140612	4	8	14	4.9	17
35062	NA	"MACRGL"	236	246	""	""	NA	1	1.3	1.3	20140612	4	8	24	9	17.5
35063	NA	"POCHSE"	268	269	""	""	NA	1	1.3	1.3	20140612	4	8	22	5.2	7.8
35064	NA	"ALSEBL"	295	300	""	"Q"	NA	1	1.3	1.3	20140612	4	8	22	5.1	6.7
35065	NA	"HIRTTR"	221	251	""	""	NA	1	1.3	1.3	20140612	4	8	31	10.4	1.2
35066	NA	"VIROSU"	504	532	""	"P,med"	NA	1	1.8	1.3	20140612	4	8	33	11.6	10.2
35067	NA	"SCH1ZO"	345	345	""	""	NA	1	1.3	1.3	20140612	4	8	33	14	12.3
35068	NA	"PROTTE"	218	236	""	""	NA	1	1.3	1.3	20140612	4	8	34	10.9	15.3
35069	NA	"TET2PA"	390	413	""	""	NA	1	1.3	1.3	20140612	4	8	42	19	6.5
35070	NA	"POUTRE"	304	355	""	""	NA	1	1.3	1.3	20140612	4	7	23	5.1	10.7
35071	NA	"LACMPA"	263	303	""	""	NA	1	1.3	1.3	20140612	4	7	23	5.7	14.7
35072	NA	"GUARGU"	330	NA	"L"	"C"	NA	NA	1.3	NA	20140612	4	7	34	14.9	16.8
35073	NA	"VIROSU"	503	NA	""	"C"	NA	NA	1.3	NA	20140612	4	7	34	14.5	15.2
35074	NA	"VIROSE"	280	343	"B"	""	NA	1	3.24	3.24	20140612	4	7	33	11.5	10.2
35075	NA	"APEIME"	266	319	""	""	NA	1	1.3	1.3	20140612	4	7	32	10.1	8.2
35076	NA	"MACRGL"	280	281	"Q"	""	NA	1	1.3	1.3	20140612	4	7	22	7.8	5.5
35077	NA	"VIROSU"	287	354	""	""	NA	1	1.3	1.3	20140612	4	6	14	4	16
35078	NA	"INGAS1"	205	241	""	""	NA	1	1.3	1.3	20140612	4	6	11	4.2	4.9
35080	NA	"PROTTE"	564	568	"BM"	""	NA	2	2.25	2.25	20140612	4	6	33	11	10.8
35081	NA	"TRATAS"	538	553	""	""	NA	1	1.3	1.3	20140612	4	6	31	14	4
35082	NA	"TRATAS"	247	274	""	""	NA	1	1.3	1.3	20140612	4	6	41	19	1
35083	NA	"INGAS1"	214	NA	"Q"	"N"	NA	NA	1.3	NA	20140612	4	5	13	4	12.3
35084	NA	"JAC1CO"	506	587	""	""	NA	1	1.3	1.3	20140612	4	5	23	8	13.2
35085	NA	"EUGECO"	221	274	""	""	NA	1	1.3	1.3	20140612	4	5	31	12	0.5
35086	NA	"ALSEBL"	200	204	""	""	NA	1	1.3	1.3	20140612	4	5	34	12.2	18.7
35087	NA	"TRI2TU"	235	270	""	""	NA	1	1.3	1.3	20140612	4	5	41	15.1	0.9
35088	NA	"ALSEBL"	325	340	""	""	NA	1	1.3	1.3	20140612	4	4	11	1.2	4.9
35089	NA	"APEIME"	482	544	""	""	NA	1	1.3	1.3	20140612	4	4	13	0.3	14
35090	NA	"HEISCO"	204	207	""	""	NA	1	1.3	1.3	20140612	4	4	23	9.5	13.7
35091	NA	"PROTTE"	209	244	""	""	NA	1	1.3	1.3	20140612	4	4	31	11.2	1.4
35093	NA	"ZANTP1"	243	NA	""	"C"	NA	NA	1.3	NA	20140612	4	4	32	11.5	7
35094	NA	"VIROSE"	310	324	""	""	NA	1	1.3	1.3	20140612	4	4	33	11.8	10.1
35095	NA	"UNK?"	381	383	""	""	NA	1	1.3	1.3	20140612	4	3	24	5.1	15.2
35096	NA	"PROTTE"	422	415	"M"	""	NA	1	1.3	1.3	20140612	4	3	23	6.2	13.8
35097	NA	"POCHSE"	270	277	""	""	NA	1	1.3	1.3	20140612	4	3	32	12	6.2
35098	NA	"GUATDU"	404	429	"Q"	""	NA	1	1.3	1.3	20140612	4	3	44	16	19
35099	NA	"INGAPE"	435	NA	"Q"	"C"	NA	NA	1.3	NA	20140612	4	2	11	0.6	0.4
35100	NA	"MICOAR"	224	263	""	""	NA	1	1.3	1.3	20140612	4	2	12	0.2	8.2
35101	NA	"JAC1CO"	410	442	""	""	NA	1	1.3	1.3	20140612	4	2	12	1.2	9.2
35102	NA	"PHOECI"	423	450	""	"Q"	NA	1	1.3	1.3	20140612	4	2	12	2.3	9.9
35103	NA	"VIROSE"	249	NA	""	"S"	NA	NA	1.3	NA	20140612	4	2	14	3.5	16.3
35104	NA	"PROTTE"	253	272	""	""	NA	1	1.3	1.3	20140612	4	2	14	4.1	19
35105	NA	"BEILPE"	398	NA	""	"S"	NA	NA	1.3	NA	20140612	4	2	23	5.6	10.2
35106	NA	"HIRTTR"	210	213	""	""	NA	1	1.3	1.3	20140612	4	2	21	9	3
35107	NA	"VIROSE"	250	260	""	""	NA	1	1.3	1.3	20140612	4	2	31	13	4
35108	NA	"SIMAAM"	281	332	""	""	NA	1	1.3	1.3	20140612	4	2	32	11	8
35109	NA	"VIROSE"	250	251	""	""	NA	1	1.3	1.3	20140612	4	2	44	17	17.6
35110	NA	"HIRTTR"	277	277	""	""	NA	1	1.3	1.3	20140612	4	2	43	19.8	12
35111	NA	"VIROSE"	289	297	""	""	NA	1	1.3	1.3	20140612	4	2	43	17.1	10.1
35112	NA	"HEISCO"	239	241	""	""	NA	1	1.3	1.3	20140612	4	2	42	17.2	9.3
35113	NA	"UNK?"	287	NA	""	"C"	NA	NA	1.3	NA	20140612	4	2	41	18	2
35114	NA	"GUATDU"	230	341	""	""	NA	1	1.3	1.3	20140612	4	1	24	8.6	17.6
35115	NA	"ZANTP1"	302	NA	""	"C"	NA	NA	1.3	NA	20140612	4	1	23	8	12
35116	NA	"TET2PA"	245	286	""	""	NA	1	1.3	1.3	20140612	4	1	31	14.8	1.8
35117	NA	"CORDBI"	350	383	""	""	NA	1	1.3	1.3	20140612	4	1	34	11.6	19.3
35118	NA	"ALCHCO"	273	294	"ML"	""	NA	1	1.3	1.3	20140612	4	1	44	18.2	19.9
35119	NA	"VIROSE"	372	NA	""	"S"	NA	NA	1.3	NA	20140612	4	1	43	15.8	13
35120	NA	"POCHSE"	440	462	"Q"	""	NA	1	1.3	1.3	20140612	4	1	41	19	2
35121	NA	"UNK?"	202	NA	""	"N"	NA	NA	1.3	NA	20140612	4	0	11	2	1
35122	NA	"HEISCO"	220	NA	""	"C"	NA	NA	1.3	NA	20140612	4	0	33	10.5	13
35123	NA	"PRI2CO"	997	1034	"Q"	""	NA	1	1.3	1.3	20140616	8	0	21	7.9	0.3
35124	NA	"QUARAS"	400	358	""	""	NA	1	1.3	4.48	20140616	8	0	32	12.4	5.2
35125	NA	"GUSTSU"	221	245	""	""	NA	1	1.3	1.3	20140616	8	0	24	5.3	17.2
35126	NA	"GUSTSU"	322	324	""	""	NA	1	1.3	1.3	20140616	8	0	34	13	19
35127	NA	"ALSEBL"	370	386	""	""	NA	1	1.3	1.3	20140616	8	0	43	16	14
35128	NA	"PROTTE"	456	NA	""	"C"	NA	NA	1.3	NA	20140616	8	1	13	0.6	13
35129	NA	"MACRGL"	588	613	"M"	""	NA	2	1.3	1.3	20140616	8	1	14	2	17
35130	NA	"PROTTE"	216	336	""	""	NA	1	1.3	1.3	20140616	8	1	21	5.3	3
35131	NA	"MACRGL"	578	522	"M"	""	NA	3	1.3	1.3	20140616	8	1	42	16	5.5
35132	NA	"TRI2TU"	202	220	""	""	NA	1	1.3	1.3	20140616	8	1	42	17	7
35133	NA	"QUARAS"	567	593	"B"	""	NA	1	3.84	3.84	20140616	8	1	44	19.1	15.2
35134	NA	"GUARGU"	254	NA	"M"	"C"	NA	NA	1.3	NA	20140616	8	2	11	0.1	4.4
35135	NA	"PROTTE"	298	300	""	""	NA	1	1.3	1.3	20140616	8	2	14	0.2	16
35136	NA	"ALSEBL"	452	460	"M"	"L"	NA	1	1.3	1.3	20140616	8	2	32	11.6	5.7
35137	NA	"PROTTE"	258	283	"M"	""	NA	2	1.3	1.3	20140616	8	2	33	11	13
35138	NA	"PROTTE"	500	430	""	""	NA	1	1.3	4	20140616	8	2	33	11.2	14
35139	NA	"CASSEL"	235	NA	""	"N"	NA	NA	1.3	NA	20140616	8	2	34	12.2	17.2
35140	NA	"POUTRE"	249	300	""	""	NA	1	1.3	1.3	20140616	8	2	43	19.9	11.5
35141	NA	"TET2PA"	528	570	""	""	NA	1	1.3	1.3	20140616	8	3	13	0.3	10.4
35142	NA	"TRI2TU"	356	360	""	""	NA	1	1.3	1.3	20140616	8	3	23	8	13
35143	NA	"PROTTE"	640	NA	"B"	"C"	NA	NA	4.18	NA	20140616	8	3	22	7	5.2
35144	NA	"PROTTE"	230	260	""	""	NA	1	1.3	1.3	20140616	8	3	32	12.2	8
35145	NA	"HEISCO"	207	NA	""	"S"	NA	NA	1.3	NA	20140616	8	3	43	15.4	10.3
35146	NA	"TET2PA"	228	230	""	""	NA	1	1.3	1.3	20140616	8	3	43	19	10.9
35147	NA	"TET2PA"	389	395	""	""	NA	1	1.3	1.3	20140616	8	3	44	16	18
35148	NA	"QUARAS"	483	514	"B"	""	NA	1	3.55	3.55	20140616	8	3	44	19.9	18.2
35149	NA	"TACHVE"	276	300	""	""	NA	1	1.3	1.3	20140616	8	4	13	2	10.4
35150	NA	"VIROSE"	230	231	""	""	NA	1	1.3	1.3	20140616	8	4	22	9	6.2
35151	NA	"GUARGU"	365	390	""	""	NA	2	1.3	1.3	20140616	8	4	21	6.7	0.3
35152	NA	"DIPTPA"	890	977	"B"	""	NA	1	3.4	3.4	20140616	8	4	32	12	8
35153	NA	"CELTSC"	261	300	""	""	NA	1	1.3	1.3	20140616	8	4	32	14.9	7.8
35154	NA	"HEISCO"	345	350	""	""	NA	1	1.3	1.3	20140616	8	4	33	11	12.2
35156	NA	"JAC1CO"	311	330	""	""	NA	1	1.3	1.3	20140616	8	4	44	16.7	17
35157	NA	"UNK?"	473	500	""	""	NA	1	1.3	1.3	20140616	8	5	13	0.6	11.3
35158	NA	"ANNOSP"	225	229	""	""	NA	1	1.3	1.3	20140616	8	5	24	7.2	19.3
35159	NA	"PROTTE"	246	385	""	""	NA	1	1.3	1.3	20140616	8	5	32	10.2	9.3
35160	NA	"PSE1SE"	387	464	""	""	NA	1	1.3	1.3	20140616	8	5	33	13	14
35161	NA	"POCHQU"	235	275	""	""	NA	1	1.3	1.3	20140616	8	5	34	12.2	18.9
35162	NA	"UNK?"	356	361	"L"	""	NA	1	1.3	1.3	20140616	8	5	43	18	13
35163	NA	"ALSEBL"	544	457	""	""	NA	1	1.3	3.65	20140616	8	5	42	15.2	7.3
35165	NA	"CORDAL"	259	339	"M"	""	NA	2	1.3	1.3	20140616	8	6	12	0.1	6
35166	NA	"SPONRA"	561	604	""	""	NA	1	1.3	1.3	20140616	8	6	23	5.2	11.5
35167	NA	"CORDAL"	255	328	""	""	NA	1	1.3	1.3	20140616	8	6	41	16	4.9
35168	NA	"APEITI"	365	395	""	""	NA	1	1.3	1.3	20140616	8	6	42	18	6
35169	NA	"PLA1PI"	285	295	""	""	NA	1	1.3	1.3	20140616	8	6	33	10.1	14.8
35170	NA	"UNK?"	578	589	""	""	NA	1	1.3	1.3	20140616	8	7	11	2.2	0.7
35171	NA	"SWARS1"	450	465	""	""	NA	1	1.3	1.3	20140616	8	7	11	0.1	4.9
35173	NA	"ALSEBL"	378	393	""	""	NA	1	1.3	1.3	20140616	8	7	43	18	10.1
35174	NA	"QUARAS"	610	505	""	""	NA	1	1.3	4.43	20140616	8	7	43	15.2	14.9
35175	NA	"PRI2CO"	730	NA	"Q"	"N"	NA	NA	1.3	NA	20140616	8	8	21	9.2	2
35176	NA	"MACRGL"	203	230	""	""	NA	1	1.3	1.3	20140616	8	8	11	3.8	4.9
35178	NA	"GUSTSU"	258	278	""	""	NA	1	1.3	1.3	20140616	8	8	13	3.8	11.5
35179	NA	"ALSEBL"	455	359	""	""	NA	1	1.3	3.9	20140616	8	8	14	1.7	16
35180	NA	"PROTTE"	363	388	"B"	""	NA	1	4.06	4.06	20140616	8	8	33	14	11.6
35181	NA	"MACRGL"	468	385	""	""	NA	2	1.3	3.7	20140616	8	8	32	14	9
35182	NA	"PROTTE"	265	360	""	""	NA	1	1.3	1.3	20140616	8	8	42	16	5.3
35183	NA	"PRI2CO"	1273	NA	"B"	"C"	NA	NA	2.07	NA	20140616	8	9	21	5.7	3.8
35184	NA	"EUGENE"	375	NA	""	"C"	NA	NA	1.3	NA	20140616	8	9	31	11	2.8
35185	NA	"PROTTE"	215	280	""	""	NA	1	1.3	1.3	20140616	8	9	13	2	13
35186	NA	"MACRGL"	567	520	""	""	NA	1	1.3	3.1	20140616	8	9	24	5.1	18.2
35187	NA	"NECTCI"	210	NA	"M"	"C"	NA	NA	1.3	NA	20140616	8	9	34	10.8	15.1
35188	NA	"TET2PA"	428	460	""	""	NA	1	1.3	1.3	20140616	8	9	33	12	11
35189	NA	"GUARGU"	370	NA	"Q"	"S"	NA	NA	1.3	NA	20140616	8	9	44	19.2	16
35190	NA	"UNK?"	218	219	""	""	NA	1	1.3	1.3	20140616	8	10	12	2.2	6
35191	NA	"GENIAM"	319	NA	""	"N"	NA	NA	1.3	NA	20140616	8	10	12	1	6
35192	NA	"PROTTE"	233	260	""	""	NA	1	1.3	1.3	20140616	8	10	12	4.2	9
35193	NA	"POUTRE"	465	475	""	""	NA	1	1.3	1.3	20140616	8	10	14	2	18
35194	NA	"DRYPST"	275	300	""	""	NA	1	1.3	1.3	20140616	8	10	24	9	15.3
35195	NA	"MACRGL"	464	NA	""	"S"	NA	NA	1.3	NA	20140616	8	10	32	10.8	5.8
35196	NA	"TAB1RO"	276	302	""	""	NA	1	1.3	1.3	20140616	8	10	41	19	4
35197	NA	"CEIBPE"	1250	1183	"B"	""	NA	1	4.45	5.95	20140616	8	11	13	4	10.8
35198	NA	"PROTTE"	202	204	""	""	NA	1	1.3	1.3	20140616	8	11	14	1.2	15.3
35199	NA	"PRI2CO"	745	762	""	"Q"	NA	1	1.3	1.3	20140616	8	11	31	12.2	3
35201	NA	"APEIME"	521	525	"B"	""	NA	1	3.58	3.58	20140616	8	11	34	12.8	17.3
35202	NA	"UNK?"	270	NA	""	"S"	NA	NA	1.3	NA	20140616	8	11	34	12.5	19.9
35203	NA	"TERMAM"	334	442	""	""	NA	1	1.3	1.3	20140616	8	11	44	17.5	19.9
35204	NA	"TET2PA"	371	387	""	""	NA	1	1.3	1.3	20140616	8	11	42	17.9	9.9
35205	NA	"UNK?"	250	NA	""	"C"	NA	NA	1.3	NA	20140616	8	12	23	7	11
35206	NA	"VIROSE"	234	NA	"Q"	"N"	NA	NA	1.3	NA	20140616	8	12	31	14	3
35207	NA	"UNK?"	465	500	"B"	""	NA	1	3.2	3.2	20140616	8	12	32	14.6	8.3
35208	NA	"PRI2CO"	1167	1050	""	""	NA	1	1.3	5	20140616	8	12	44	15.3	17.8
35209	NA	"UNK?"	278	297	"B"	""	NA	1	3.5	3.5	20140617	8	12	43	16.5	10.8
35210	NA	"HEISCO"	251	NA	""	"S"	NA	NA	1.3	NA	20140617	8	12	42	18.8	8
35211	NA	"ALSEBL"	415	420	""	""	NA	1	1.3	1.3	20140617	8	13	12	2.2	7.5
35212	NA	"TET2PA"	253	278	""	""	NA	1	1.3	1.3	20140617	8	13	12	4	8.2
35213	NA	"ALSEBL"	580	4083	""	""	NA	1	1.3	4.57	20140617	8	13	22	8.5	7
35214	NA	"ALSEBL"	234	260	""	""	NA	1	1.3	1.3	20140617	8	13	32	12.8	5.2
35215	NA	"PRI2CO"	265	335	""	""	NA	1	1.3	1.3	20140617	8	13	34	11	17.5
35216	NA	"POCHSE"	286	295	""	""	NA	1	1.3	1.3	20140617	8	13	34	14	17.3
35217	NA	"SIMAAM"	540	592	""	""	NA	1	1.3	1.3	20140617	8	14	11	3	1
35219	NA	"CECRIN"	257	287	""	""	NA	1	1.3	1.3	20140617	8	14	24	8	15
35221	NA	"BROSAL"	803	802	"B"	""	NA	1	3.75	4.9	20140617	8	14	11	4	1.2
35501	NA	"HIRTTR"	414	446	"M"	""	NA	2	1.3	1.3	20140613	5	9	13	2.2	11.8
35502	NA	"UNK?"	480	510	""	""	NA	1	1.3	1.3	20140613	5	9	22	9.8	7.8
35503	NA	"TERMAM"	404	410	""	"L"	NA	1	1.3	1.3	20140613	5	9	31	11.3	1
35504	NA	"UNK?"	241	355	""	""	NA	1	1.3	1.3	20140613	5	9	32	14	7.5
35505	NA	"MACRGL"	271	300	""	""	NA	1	1.3	1.3	20140613	5	9	41	17	4
35506	NA	"PROTTE"	564	545	""	""	NA	1	1.3	2.4	20140613	5	8	24	6.1	19
35507	NA	"VIROSU"	376	485	""	""	NA	1	1.3	1.3	20140613	5	8	24	6.2	17.6
35508	NA	"PROTTE"	314	337	""	""	NA	1	1.3	1.3	20140613	5	8	24	6.2	16
35509	NA	"MACRGL"	369	387	"BM"	""	NA	3	2.02	2.02	20140613	5	7	12	4	7
35510	NA	"VIROSU"	522	545	""	""	NA	1	1.3	1.3	20140613	5	7	14	0.4	19
35511	NA	"QUARAS"	406	418	"B"	""	NA	1	3.86	3.86	20140613	5	7	24	9	17
35512	NA	"APEITI"	305	NA	""	"N"	NA	NA	1.3	NA	20140613	5	7	31	10.3	0.3
35513	NA	"GUSTSU"	262	267	""	""	NA	1	1.3	1.3	20140613	5	7	32	10.8	6
35514	NA	"QUARAS"	377	401	"B"	""	NA	1	3.97	3.97	20140613	5	7	34	10.8	19
35515	NA	"CECRPE"	216	NA	""	"N"	NA	NA	1.3	NA	20140613	5	7	41	18	2.5
35516	NA	"ALCHCO"	383	397	"M"	""	NA	3	1.3	1.3	20140613	5	6	11	1	2.3
35518	NA	"PROTTE"	287	355	""	""	NA	1	1.3	1.3	20140613	5	6	12	3	7
35519	NA	"MACRGL"	290	NA	"M"	"N"	NA	NA	1.3	NA	20140613	5	6	13	3	13
35521	NA	"PROTTE"	277	310	""	""	NA	1	1.3	1.3	20140613	5	6	23	8.8	13.4
35522	NA	"ANACEX"	215	265	""	""	NA	1	1.3	1.3	20140613	5	6	32	11	7.5
35523	NA	"GUAZUL"	461	464	"M"	""	NA	3	1.3	1.3	20140613	5	6	32	12	9
35524	NA	"ALSEBL"	385	405	""	""	NA	1	1.3	1.3	20140613	5	6	41	16.8	4
35525	NA	"UNK?"	214	215	""	""	NA	1	1.3	1.3	20140613	5	5	22	7	9.3
35527	NA	"INGAPE"	218	260	""	""	NA	1	1.3	1.3	20140613	5	4	11	2.2	1.3
35528	NA	"TET2PA"	290	310	""	""	NA	1	1.3	1.3	20140613	5	4	24	9.9	19.8
35529	NA	"PROTTE"	232	241	""	""	NA	1	1.3	1.3	20140613	5	4	24	6.7	18.5
35530	NA	"PROTTE"	297	NA	""	"C"	NA	NA	1.3	NA	20140613	5	4	22	9	7.5
35531	NA	"TET2PA"	245	335	""	""	NA	1	1.3	1.3	20140613	5	4	31	11.2	2
35532	NA	"ALCHCO"	590	618	"BM"	""	NA	5	3.4	3.4	20140613	5	4	32	13.2	8.2
35533	NA	"VIROSE"	273	NA	""	"N"	NA	NA	1.3	NA	20140613	5	4	32	12	9
35534	NA	"UNK?"	491	539	"B"	""	NA	1	3.1	3.1	20140613	5	4	44	19.1	18.5
35535	NA	"HIRTTR"	233	NA	""	"S"	NA	NA	1.3	NA	20140613	5	3	11	1.3	1
35536	NA	"PROTTE"	225	250	""	""	NA	1	1.3	1.3	20140613	5	3	11	1	3.3
35537	NA	"PROTTE"	220	253	""	""	NA	1	1.3	1.3	20140613	5	3	12	1.2	8
35538	NA	"CHR2AR"	282	336	""	""	NA	1	1.3	1.3	20140613	5	3	13	1	13
35539	NA	"UNK?"	308	NA	""	"S"	NA	NA	1.3	NA	20140613	5	3	23	8.8	12.4
35540	NA	"CROTBI"	229	NA	""	"N"	NA	NA	1.3	NA	20140613	5	3	32	12.2	9
35541	NA	"TET2PA"	550	600	""	""	NA	1	1.3	1.3	20140613	5	2	23	7.5	10.2
35542	NA	"PRI2CO"	209	214	""	""	NA	1	1.3	1.3	20140613	5	2	23	8	11
35543	NA	"ALSEBL"	220	240	""	""	NA	1	1.3	1.3	20140613	5	2	21	9	2
35544	NA	"HIRTTR"	212	214	""	""	NA	1	1.3	1.3	20140613	5	2	34	10.3	17.5
35546	NA	"ALSEBL"	272	322	""	""	NA	1	1.3	1.3	20140613	5	2	42	19	6
35547	NA	"TET2PA"	223	241	""	""	NA	1	1.3	1.3	20140613	5	1	23	8.7	14
35548	NA	"PRI2CO"	404	422	""	""	NA	1	1.3	1.3	20140613	5	1	23	8	13
35550	NA	"BEILPE"	378	400	""	""	NA	1	1.3	1.3	20140613	5	1	44	18.5	16.4
35551	NA	"INGAS1"	217	NA	""	"C"	NA	NA	1.3	NA	20140613	5	0	14	3	17.4
35552	NA	"LONCLA"	467	NA	""	"C"	NA	NA	1.3	NA	20140613	5	0	24	7.5	19.5
35553	NA	"JAC1CO"	456	510	""	""	NA	1	1.3	1.3	20140613	5	0	44	19.8	19.8
35555	NA	"CORDAL"	351	NA	""	"S"	NA	NA	1.3	NA	20140613	6	0	12	0.3	7.2
35556	NA	"ALSEBL"	205	209	""	""	NA	1	1.3	1.3	20140613	6	0	24	9	19.6
35557	NA	"TRI2TU"	388	398	""	""	NA	1	1.3	1.3	20140613	6	0	23	8	12
35558	NA	"PRI2CO"	504	533	""	""	NA	1	1.3	1.3	20140613	6	0	32	14	9.5
35560	NA	"APEIME"	479	478	""	""	NA	1	1.3	1.3	20140613	6	1	11	4	3
35561	NA	"APEIME"	478	479	""	""	NA	1	1.3	1.3	20140613	6	1	11	0.4	3.4
35562	NA	"TET2PA"	238	NA	""	"N"	NA	NA	1.3	NA	20140613	6	1	33	12	14
35564	NA	"MACRGL"	232	244	""	""	NA	2	1.3	1.3	20140613	6	1	44	18.8	18.4
35565	NA	"PRI2CO"	439	513	""	""	NA	1	1.3	1.3	20140613	6	1	43	19.8	10.2
35566	NA	"QUARAS"	646	653	"B"	""	NA	1	4.03	4.03	20140613	6	1	41	19.2	2.4
35567	NA	"DRYPST"	294	315	""	""	NA	1	1.3	1.3	20140613	6	2	14	1	17
35568	NA	"ALSEBL"	467	514	""	""	NA	1	1.3	1.3	20140613	6	2	24	8.8	18.5
35569	NA	"TRI2TU"	281	287	""	""	NA	1	1.3	1.3	20140613	6	2	21	7	3.7
35570	NA	"PROTTE"	294	300	""	""	NA	1	1.3	1.3	20140613	6	2	21	7	1
35571	NA	"PROTTE"	500	533	""	""	NA	1	1.3	1.3	20140613	6	2	32	13	7
35572	NA	"VIROSE"	294	311	""	""	NA	1	1.3	1.3	20140613	6	2	33	12	13
35573	NA	"TET2PA"	502	534	"B"	""	NA	1	3.03	3.03	20140613	6	2	44	18.8	19.2
35574	NA	"GUSTSU"	291	303	""	""	NA	1	1.3	1.3	20140613	6	2	44	18	17.2
35576	NA	"QUARAS"	203	258	""	"P"	NA	1	1.3	1.3	20140613	6	2	42	19	7
35577	NA	"PROTTE"	313	313	""	""	NA	1	1.3	1.3	20140613	6	3	11	0.2	1
35578	NA	"ZANTBE"	367	430	""	""	NA	1	1.3	1.3	20140613	6	3	14	2	19.6
35579	NA	"POCHSE"	780	830	"B"	""	NA	1	3.4	3.4	20140613	6	3	31	12.2	3
35580	NA	"ZANTBE"	454	499	""	""	NA	1	1.3	1.3	20140613	6	3	32	11	9
35581	NA	"VIROSU"	435	520	"B"	""	NA	1	3.1	3.1	20140613	6	3	33	11	12.3
35582	NA	"TET2PA"	283	320	""	""	NA	1	1.3	1.3	20140613	6	3	34	10.6	18
35583	NA	"HEISCO"	209	212	""	""	NA	1	1.3	1.3	20140613	6	3	44	18	17
35584	NA	"PRI2CO"	472	601	""	""	NA	1	1.3	1.3	20140613	6	3	42	17.6	9.8
35585	NA	"VIROSE"	364	365	""	""	NA	1	1.3	1.3	20140613	6	4	23	8.8	13
35586	NA	"UNK?"	295	NA	""	"C"	NA	NA	1.3	NA	20140613	6	4	21	9.9	2.3
35587	NA	"JAC1CO"	390	554	""	""	NA	1	1.3	1.3	20140613	6	4	32	12	6
35588	NA	"CORDBI"	298	311	""	""	NA	1	1.3	1.3	20140613	6	4	32	13.2	8.8
35589	NA	"ZANTBE"	257	392	""	""	NA	1	1.3	1.3	20140613	6	4	34	10.4	19.8
35590	NA	"CALOLO"	391	NA	""	"C"	NA	NA	1.3	NA	20140613	6	4	44	19	17
35591	NA	"BEILPE"	439	482	""	""	NA	1	1.3	1.3	20140613	6	5	13	2.3	11.3
35592	NA	"GUARGU"	268	270	""	""	NA	1	1.3	1.3	20140613	6	5	24	9	19.2
35594	NA	"TET2PA"	568	590	"B"	""	NA	1	2.8	2.8	20140613	6	5	21	8	4
35595	NA	"QUARAS"	377	379	"B"	""	NA	1	3.67	3.67	20140613	6	5	31	14	4
35596	NA	"DIPTPA"	594	610	"B"	""	NA	1	3.43	3.43	20140613	6	5	41	19	2.4
35597	NA	"PRI2CO"	226	233	""	""	NA	1	1.3	1.3	20140613	6	6	11	2	0.6
35598	NA	"JAC1CO"	460	499	""	""	NA	1	1.3	1.3	20140613	6	6	11	1	4
35599	NA	"AST2GR"	289	316	""	""	NA	1	1.3	1.3	20140613	6	0	41	19.2	3.6
35601	NA	"POUTRE"	324	348	""	""	NA	1	1.3	1.3	20140613	6	6	22	9	6
35602	NA	"TET2PA"	311	344	""	""	NA	1	1.3	1.3	20140613	6	6	31	12	1
35604	NA	"VIROSU"	315	322	""	""	NA	1	1.3	1.3	20140613	6	6	33	11	10.8
35605	NA	"PROTTE"	203	207	""	""	NA	1	1.3	1.3	20140613	6	6	34	10.5	17.3
35607	NA	"PRI2CO"	368	368	"Q"	""	NA	1	1.3	1.3	20140613	6	7	13	2	14
35608	NA	"SAPIAU"	412	415	""	""	NA	1	1.3	3.9	20140613	6	7	14	2.3	19.6
35609	NA	"CECROB"	241	242	""	""	NA	1	1.3	1.3	20140613	6	7	22	9	7.6
35610	NA	"TET2PA"	368	420	""	""	NA	1	1.3	1.3	20140613	6	7	21	8.3	4
35611	NA	"POUTRE"	359	372	"L"	"P,med"	NA	1	1.6	1.3	20140613	6	7	21	9.2	3
35612	NA	"PRI2CO"	783	817	""	""	NA	1	1.3	1.3	20140613	6	7	34	10.2	16.3
35613	NA	"BROSAL"	258	NA	"L"	"C"	NA	NA	1.3	NA	20140613	6	7	43	16	11
35615	NA	"HEISCO"	228	NA	""	"C"	NA	NA	1.3	NA	20140613	6	7	42	17	8
35616	NA	"ANACEX"	1352	1353	""	""	NA	1	1.3	1.3	20140613	6	7	42	19.2	6.3
35617	NA	"GUARGU"	230	236	"M"	""	NA	2	1.3	1.3	20140613	6	8	11	4	3
35618	NA	"ALCHCO"	376	420	"M"	""	NA	8	1.3	1.3	20140613	6	8	12	1	5.3
35620	NA	"GUARGU"	311	324	""	""	NA	1	1.3	1.3	20140613	6	8	14	0.3	15.2
35621	NA	"QUARAS"	394	435	"B"	""	NA	1	3.79	3.79	20140613	6	8	24	8	16
35622	NA	"ALSEBL"	442	351	""	""	NA	1	1.3	3.3	20140613	6	8	31	12.2	0.3
35623	NA	"GUARGU"	261	267	""	""	NA	1	1.3	1.3	20140613	6	8	34	14	18
35624	NA	"PROTTE"	231	294	""	""	NA	1	1.3	3.2	20140613	6	8	34	14	18.7
35625	NA	"PROTTE"	369	403	"B"	""	NA	1	2.3	3.2	20140613	6	9	13	0.3	14.5
35626	NA	"QUARAS"	457	480	"B"	""	NA	1	4.14	4.14	20140613	6	9	14	2.3	16
35627	NA	"PROTTE"	249	264	""	""	NA	1	1.3	1.3	20140613	6	9	14	4	17
35628	NA	"QUARAS"	785	789	"B"	""	NA	1	3.04	3.04	20140613	6	9	22	8.8	7
35629	NA	"GUARGU"	450	482	"B"	""	NA	1	3.8	3.8	20140613	6	9	31	12.2	2.5
35630	NA	"VIROSE"	231	244	""	""	NA	1	1.3	1.3	20140613	6	9	34	12	18
35631	NA	"QUARAS"	395	433	"B"	""	NA	1	3.45	3.45	20140613	6	9	44	16.8	8.5
35632	NA	"TRI2TU"	233	259	""	""	NA	1	1.3	1.3	20140613	6	9	44	17.2	6.1
35633	NA	"VIROSE"	366	415	""	""	NA	1	1.3	1.3	20140613	6	10	13	2	12.4
35634	NA	"TET2PA"	340	379	""	""	NA	1	1.3	1.3	20140613	6	10	14	0.8	19.4
35635	NA	"HIRTTR"	225	232	""	""	NA	1	1.3	1.3	20140613	6	10	24	8.8	18
35636	NA	"TET2PA"	289	298	""	""	NA	1	1.3	1.3	20140613	6	10	22	9	6.7
35637	NA	"MACRGL"	229	NA	"M"	"C"	NA	NA	1.3	NA	20140613	6	10	31	10.2	1.5
35638	NA	"TRATAS"	602	627	""	""	NA	1	1.3	1.3	20140613	6	10	43	18	13
35639	NA	"TET2PA"	302	311	""	""	NA	1	1.3	1.3	20140613	6	11	12	2.5	9.7
35640	NA	"TET2PA"	351	385	""	""	NA	1	1.3	1.3	20140613	6	11	13	2.2	13
35641	NA	"SIMAAM"	747	790	""	""	NA	1	1.3	1.3	20140613	6	11	14	2	17
35642	NA	"BEILPE"	204	227	""	""	NA	1	1.3	1.3	20140613	6	11	22	7	7
35643	NA	"JAC1CO"	560	602	""	""	NA	1	1.3	1.3	20140613	6	11	22	7	6
35644	NA	"LACMPA"	358	333	""	""	NA	1	1.3	4.05	20140613	6	11	31	13	2
35645	NA	"LUEHSE"	378	420	"B"	""	NA	1	3.4	3.4	20140613	6	11	31	14	2
35646	NA	"STERAP"	987	1020	"B"	""	NA	1	5.3	6.53	20140613	6	11	43	19.2	11.5
35648	NA	"TET2PA"	370	409	""	""	NA	1	1.3	1.3	20140613	6	12	13	2	12
35649	NA	"VIROSE"	359	360	""	""	NA	1	1.3	1.3	20140613	6	12	14	0.3	17.5
35650	NA	"LACMPA"	329	336	""	""	NA	1	1.3	1.3	20140613	6	12	22	8.8	8.5
35652	NA	"TET2PA"	272	273	""	""	NA	1	1.3	1.3	20140613	6	13	11	4.7	4
35653	NA	"POUTRE"	318	356	"B"	""	NA	1	3.56	3.56	20140613	6	13	32	12	9
35654	NA	"TET2PA"	523	558	"B"	""	NA	1	3.56	3.56	20140613	6	13	34	11	17.8
35655	NA	"ALSEBL"	468	471	"B"	""	NA	1	3.07	3.07	20140613	6	13	44	17	17.8
35657	NA	"PLA2EL"	914	982	"B"	""	NA	1	3.41	3.41	20140613	6	14	12	1	7.2
35658	NA	"POCHSE"	505	523	"B"	""	NA	1	3.26	3.26	20140613	6	14	12	2	8.8
35659	NA	"PRI2CO"	913	925	""	""	NA	1	1.3	1.3	20140613	6	14	13	2.2	13
35661	NA	"TET2PA"	373	404	""	""	NA	1	1.3	1.3	20140613	6	14	21	9.5	2.5
35662	NA	"TRI2TU"	263	290	""	""	NA	1	1.3	1.3	20140616	9	11	11	0.3	3
35663	NA	"HIRTAM"	222	225	""	""	NA	1	1.3	1.3	20140616	9	11	13	2	12
35664	NA	"TET2PA"	292	350	""	""	NA	1	1.3	1.3	20140616	9	11	14	2	16
35665	NA	"PROTTE"	319	427	""	""	NA	1	1.3	1.3	20140616	9	11	24	6.8	18.2
35666	NA	"QUARAS"	655	627	"B"	""	NA	1	3.56	5.56	20140616	9	11	21	8	2.5
35667	NA	"PROTTE"	248	284	""	""	NA	1	1.3	1.3	20140616	9	11	34	13	17
35668	NA	"PRI2CO"	270	294	""	""	NA	1	1.3	1.3	20140616	9	11	42	15.7	9.8
35669	NA	"GUARGU"	235	NA	""	"N"	NA	NA	1.3	NA	20140616	9	11	41	17.6	3
35670	NA	"TRI2TU"	257	NA	""	"C"	NA	NA	1.3	NA	20140616	9	10	14	2	16
35671	NA	"TRI2TU"	490	NA	"B"	"C"	NA	NA	2.8	NA	20140616	9	10	14	1	17
35673	NA	"TRI2TU"	398	NA	""	"S"	NA	NA	1.3	NA	20140616	9	10	31	12.2	2.2
35674	NA	"TRI2TU"	367	431	""	""	NA	1	1.3	1.3	20140616	9	10	33	12	13.3
35675	NA	"TRI2TU"	335	NA	""	"S"	NA	NA	1.3	NA	20140616	9	10	42	18.9	6.5
35676	NA	"PRI2CO"	291	302	""	""	NA	1	1.3	1.3	20140616	9	10	42	16.8	5.7
35677	NA	"GUARGU"	388	NA	"L"	"C"	NA	NA	1.3	NA	20140616	9	9	11	0.6	1
35678	NA	"PROTTE"	398	NA	"M"	"S"	NA	NA	1.3	NA	20140616	9	9	13	0.8	12
35679	NA	"GUARGU"	308	NA	""	"S"	NA	NA	1.3	NA	20140616	9	9	23	9	13.5
35680	NA	"UNK?"	204	278	""	""	NA	1	1.3	1.3	20140616	9	9	32	10.3	9.7
35681	NA	"UNK?"	291	293	""	""	NA	1	1.3	1.3	20140617	9	8	12	2.5	9.7
35682	NA	"GUARGU"	216	NA	""	"C"	NA	NA	1.3	NA	20140617	9	8	24	7	15.3
35683	NA	"GUSTSU"	253	NA	"L"	"C"	NA	NA	1.3	NA	20140617	9	8	23	9	14
35684	NA	"PROTTE"	294	310	"B"	""	NA	1	3.45	3.45	20140617	9	8	31	10.2	2.5
35685	NA	"PROTTE"	398	414	"B"	""	NA	1	2.78	2.78	20140617	9	8	32	13	9.5
35686	NA	"ALSEBL"	269	280	"B"	"Q"	NA	1	1.73	1.73	20140617	9	8	43	17	13
35687	NA	"GUSTSU"	302	305	""	""	NA	1	1.3	1.3	20140617	9	8	44	19.6	15.3
35688	NA	"PROTTE"	201	221	""	""	NA	1	1.3	1.3	20140617	9	8	34	13	16
35690	NA	"MACRGL"	363	382	"M"	""	NA	7	1.3	1.3	20140617	9	7	12	2.2	8
35691	NA	"QUARAS"	246	260	""	""	NA	1	1.3	3.55	20140617	9	7	13	3.5	14.6
35692	NA	"TRIPCU"	202	NA	"L"	"N"	NA	NA	1.3	NA	20140617	9	7	23	5.7	10.4
35693	NA	"GUARGU"	352	384	""	""	NA	1	1.3	1.3	20140617	9	7	21	7	2
35695	NA	"ANACEX"	276	384	""	""	NA	1	1.3	1.3	20140617	9	6	14	0.5	17.5
35696	NA	"TRIPCU"	203	215	""	""	NA	1	1.3	1.3	20140617	9	6	14	0.8	17
35697	NA	"CECRIN"	394	NA	""	"S"	NA	NA	1.3	NA	20140617	9	6	13	3.2	11
35699	NA	"TRATAS"	226	271	""	""	NA	1	1.3	1.3	20140617	9	6	44	17	19.5
35700	NA	"UNK?"	247	255	""	""	NA	1	1.3	1.3	20140617	9	6	42	18.6	8.5
35701	NA	"QUARAS"	208	NA	""	"C"	NA	NA	1.3	NA	20140617	9	6	41	16	4
35702	NA	"TET2PA"	207	242	""	""	NA	1	1.3	1.3	20140617	9	5	11	2	3
35703	NA	"BROSAL"	700	715	"B"	""	NA	1	3.72	3.72	20140617	9	5	11	3	4.3
35704	NA	"MACRGL"	483	500	"B"	"Q"	NA	1	1.6	13	20140617	9	5	24	6	18.5
35705	NA	"BROSAL"	483	NA	"B"	"C"	NA	NA	2.88	NA	20140617	9	5	23	8	14.2
35706	NA	"PROTTE"	354	383	""	""	NA	1	1.3	1.3	20140617	9	5	44	16	19
35707	NA	"ALSEBL"	284	300	""	""	NA	1	1.3	1.3	20140617	9	5	42	19.2	8.5
35708	NA	"ALSEBL"	342	358	"B"	""	NA	1	3.56	3.56	20140617	9	4	11	0.6	2.5
35709	NA	"SPONMO"	879	881	""	""	NA	1	1.3	1.3	20140617	9	4	12	1	9
35710	NA	"APEITI"	361	361	"BM"	""	NA	1	3.75	3.75	20140617	9	4	13	0.2	10.2
35711	NA	"JAC1CO"	226	273	""	""	NA	1	1.3	1.3	20140617	9	4	13	3	10.3
35712	NA	"ALCHCO"	422	437	"M"	""	NA	7	1.3	1.3	20140617	9	4	13	4	10.6
35713	NA	"APEITI"	304	315	""	""	NA	1	1.3	1.3	20140617	9	4	23	8.8	11.5
35714	NA	"APEIME"	273	412	""	""	NA	1	1.3	1.3	20140617	9	4	22	8	7
35715	NA	"TET2PA"	292	309	""	""	NA	1	1.3	1.3	20140617	9	4	21	9	3.3
35716	NA	"JAC1CO"	336	385	""	""	NA	1	1.3	1.3	20140617	9	4	21	7	2.4
35717	NA	"TET2PA"	256	286	""	""	NA	1	1.3	1.3	20140617	9	4	32	11	8
35719	NA	"DIPTPA"	531	539	""	""	NA	1	1.3	1.3	20140617	9	4	41	19.6	0.7
35720	NA	"TRATAS"	446	NA	""	"C"	NA	NA	1.3	NA	20140617	9	3	24	7.5	19.7
35721	NA	"POUTRE"	280	309	""	""	NA	1	1.3	1.3	20140617	9	2	13	0.3	12
35722	NA	"PROTTE"	391	NA	"BLM"	"C"	NA	NA	2.4	NA	20140617	9	2	23	8	13.2
35723	NA	"PROTTE"	203	NA	""	"C"	NA	NA	1.3	NA	20140617	9	2	33	11.2	12.2
35724	NA	"ALSEBL"	381	398	""	""	NA	1	1.3	1.3	20140617	9	2	34	11	17
35725	NA	"MACRGL"	352	361	""	""	NA	1	1.3	1.3	20140617	9	2	42	18	7
35726	NA	"PRI2CO"	665	667	""	""	NA	1	1.3	1.3	20140617	9	2	31	10.2	1.2
35727	NA	"CORDAL"	422	424	""	""	NA	1	1.3	1.3	20140617	9	1	11	2	3
35728	NA	"ALSEBL"	230	275	""	""	NA	1	1.3	1.3	20140617	9	1	11	3	3
35729	NA	"ANACEX"	1586	1587	"M"	""	NA	2	1.3	1.3	20140617	9	1	32	10.4	7
35730	NA	"CALOLO"	232	277	""	""	NA	1	1.3	1.3	20140617	9	1	42	18	7.5
35731	NA	"UNK?"	347	NA	""	"N"	NA	NA	1.3	NA	20140617	9	1	43	19.6	11
35732	NA	"PROTTE"	384	421	""	""	NA	1	1.3	1.3	20140617	9	1	44	17	19.2
35733	NA	"PROTTE"	370	379	""	""	NA	1	1.3	1.3	20140617	9	0	11	0.2	0.2
35734	NA	"QUARAS"	405	417	"B"	""	NA	1	3.15	4.2	20140617	9	0	11	1	3
35735	NA	"PRI2CO"	258	258	""	""	NA	1	1.3	1.3	20140617	9	0	24	9.8	19.5
35736	NA	"GUARGU"	261	284	""	""	NA	1	1.3	1.3	20140617	9	0	24	8.8	16
35737	NA	"GUSTSU"	264	272	""	""	NA	1	1.3	1.3	20140617	9	0	22	6	7
35738	NA	"QUARAS"	318	322	""	""	NA	1	1.3	1.3	20140617	9	0	32	10.2	7.5
35739	NA	"DRYPST"	201	NA	""	"S"	NA	NA	1.3	NA	20140617	9	0	44	16	19.2
35740	NA	"GUSTSU"	345	367	""	""	NA	1	1.3	1.3	20140617	9	0	44	19	18
36001	NA	"TET2PA"	317	430	""	""	NA	1	1.3	1.3	20140613	7	0	11	3	0.6
36003	NA	"TRIPCU"	248	166	"L"	"R"	NA	4	1.3	1.3	20140613	7	0	24	7	18
36004	NA	"QUARAS"	549	555	"B"	""	NA	1	3.63	3.63	20140613	7	0	32	13	8
36005	NA	"QUARAS"	481	520	"B"	""	NA	1	3.8	3.8	20140613	7	1	22	7.2	7
36006	NA	"ALSEBL"	262	305	""	""	NA	1	1.3	1.3	20140613	7	1	21	9.9	3
36007	NA	"QUARAS"	423	441	""	""	NA	1	1.3	1.3	20140613	7	1	32	14	8
36008	NA	"PROTTE"	218	309	""	""	NA	1	1.3	1.3	20140613	7	1	34	12	15
36009	NA	"GUARGU"	222	NA	""	"C"	NA	NA	1.3	NA	20140613	7	2	12	1.8	7
36011	NA	"PROTTE"	298	327	"B"	""	NA	3	4.1	4.1	20140613	7	2	14	4	19.8
36012	NA	"PHOECI"	425	435	"BM"	"Q"	NA	5	3.03	3.03	20140613	7	2	24	6	19.4
36013	NA	"VIROSE"	228	NA	""	"C"	NA	NA	1.3	NA	20140613	7	2	24	9	15
36014	NA	"ANNOSP"	325	NA	""	"C"	NA	NA	1.3	NA	20140613	7	2	23	5.1	11.2
36015	NA	"PROTTE"	293	338	""	"P,med"	NA	1	1.7	1.3	20140613	7	2	31	14.3	2
36016	NA	"AST2GR"	326	336	""	""	NA	1	1.3	1.3	20140613	7	2	33	14.8	14.9
36017	NA	"TET2PA"	443	493	""	""	NA	1	1.3	1.3	20140613	7	2	41	18	3
36018	NA	"CALOLO"	486	558	""	""	NA	1	1.3	1.3	20140613	7	3	13	4	13
36019	NA	"VIROSP"	236	241	""	""	NA	1	1.3	1.3	20140613	7	3	13	4.9	14
36020	NA	"HEISCO"	274	275	""	""	NA	1	1.3	1.3	20140613	7	3	24	5.1	19
36022	NA	"TET2PA"	250	275	""	""	NA	1	1.3	1.3	20140613	7	3	31	12	3
36023	NA	"MATAAP"	305	369	""	""	NA	1	1.3	1.3	20140613	7	3	33	10.2	13.5
36024	NA	"LONCLA"	236	257	""	""	NA	1	1.3	1.3	20140613	7	4	12	4.9	6
36026	NA	"ANNOSP"	203	238	""	""	NA	1	1.3	1.3	20140613	7	4	13	0.3	10.1
36027	NA	"CECRIN"	238	283	""	"P,med"	NA	1	1.7	1.3	20140613	7	4	14	4.9	16.9
36028	NA	"UNK?"	237	315	""	""	NA	1	1.3	1.3	20140613	7	4	14	4.8	18
36029	NA	"LUEHSE"	525	532	"B"	""	NA	1	3.25	3.25	20140613	7	4	21	8	2
36030	NA	"SIMAAM"	270	393	""	""	NA	1	1.3	1.3	20140613	7	4	42	19.2	9.5
36031	NA	"TET2PA"	487	NA	"L"	"C"	NA	NA	1.3	NA	20140613	7	4	42	19	7.2
36032	NA	"MATAAP"	297	395	""	""	NA	1	1.3	1.3	20140613	7	4	41	17	0.4
36033	NA	"CHR2AR"	328	328	""	""	NA	1	1.3	1.3	20140613	7	5	11	0.2	3.5
36034	NA	"SIMAAM"	276	NA	""	"N"	NA	NA	1.3	NA	20140613	7	5	14	3	19
36035	NA	"PRI2CO"	242	245	""	""	NA	1	1.3	1.3	20140613	7	5	14	4.8	18.8
36036	NA	"CORDBI"	223	246	""	""	NA	1	1.3	1.3	20140613	7	5	21	5.1	4.3
36037	NA	"VIROSE"	239	300	""	""	NA	1	1.3	1.3	20140613	7	5	31	12	4
36038	NA	"TET2PA"	512	588	"B"	""	NA	1	3.75	3.75	20140613	7	5	33	13	13
36039	NA	"TET2PA"	410	449	"B"	""	NA	1	2.82	2.82	20140613	7	5	42	15.1	5.2
36040	NA	"TET2PA"	439	459	""	""	NA	1	1.3	1.3	20140613	7	6	12	1	6
36041	NA	"LUEHSE"	536	550	"B"	""	NA	1	3.74	3.74	20140613	7	6	14	0.1	17.5
36042	NA	"EUGECO"	247	260	""	""	NA	1	1.3	1.3	20140613	7	6	22	5.1	8.6
36043	NA	"TRI2TU"	271	278	""	""	NA	1	1.3	1.3	20140613	7	6	21	9	2
36044	NA	"UNK?"	838	858	""	""	NA	1	1.3	1.3	20140613	7	6	41	15	4.5
36045	NA	"GUAPST"	666	690	"B"	"L,Q"	NA	1	6.65	6.65	20140613	7	6	33	14	13
36047	NA	"ALSEBL"	227	245	""	""	NA	1	1.3	1.3	20140613	7	7	22	5	5
36048	NA	"SWARS1"	330	341	""	""	NA	1	1.3	1.3	20140613	7	7	13	3	14
36049	NA	"ALSEBL"	279	322	""	""	NA	1	1.3	1.3	20140613	7	7	24	6	18
36050	NA	"AST2GR"	328	384	""	""	NA	1	1.3	1.3	20140613	7	7	22	6	8
36051	NA	"TRIPCU"	230	234	""	""	NA	1	1.3	1.3	20140613	7	7	32	11.3	9.9
36053	NA	"ALSEBL"	314	NA	""	"P,ABEJAS"	NA	1	1.3	1.3	20140613	7	8	11	4	3
36054	NA	"GUARGU"	555	NA	"B"	"C"	NA	NA	3.24	NA	20140613	7	8	14	1	15
36055	NA	"PRI2CO"	360	365	""	""	NA	1	1.3	1.3	20140613	7	8	14	3	17.3
36056	NA	"TRI2TU"	292	NA	""	"C"	NA	NA	1.3	NA	20140613	7	8	23	6	12
36057	NA	"BROSAL"	338	352	""	""	NA	1	1.3	1.3	20140613	7	8	31	14	1.4
36058	NA	"MACRGL"	339	374	"B"	""	NA	4	3.2	3.2	20140613	7	8	32	12	9.9
36059	NA	"CEIBPE"	1040	1045	"B"	""	NA	1	3.69	3.69	20140613	7	8	33	13	10.5
36060	NA	"MACRGL"	476	NA	"B"	"C"	NA	NA	3.49	NA	20140613	7	8	34	10.3	17
36061	NA	"PROTTE"	479	496	"BM"	""	NA	5	2.6	2.6	20140613	7	9	14	2	17
36062	NA	"PRI2CO"	668	784	""	""	NA	1	1.3	1.3	20140613	7	9	23	7	10.2
36063	NA	"MACRGL"	533	NA	"B"	"C"	NA	NA	2.94	NA	20140613	7	9	33	10.2	11.2
36064	NA	"MACRGL"	321	334	"BM"	"Q"	NA	2	1.7	1.7	20140613	7	9	44	17	17.3
36066	NA	"QUARAS"	460	544	"B"	""	NA	1	3.58	3.58	20140613	7	9	42	16	7
36067	NA	"GUARGU"	280	304	"B"	""	NA	1	3.5	3.5	20140613	7	10	11	0.1	1.4
36068	NA	"HEISCO"	248	283	""	""	NA	1	1.3	1.3	20140613	7	10	12	1.8	6
36069	NA	"HEISCO"	203	209	""	""	NA	1	1.3	1.3	20140613	7	10	24	6	19.8
36070	NA	"POUTRE"	367	392	""	"P,med"	NA	1	1.8	1.3	20140613	7	10	21	9.6	1
36071	NA	"ALSEBL"	360	395	"B"	""	NA	1	2.58	2.58	20140613	7	10	21	8.8	0.1
36072	NA	"HEISCO"	213	219	""	""	NA	1	1.3	1.3	20140613	7	10	32	11.5	7
36073	NA	"PROTTE"	236	252	""	""	NA	1	1.3	1.3	20140613	7	10	32	11	7.2
36074	NA	"PRI2CO"	222	262	""	""	NA	1	1.3	1.3	20140613	7	10	41	17	3.3
36075	NA	"TET2PA"	281	299	""	""	NA	1	1.3	1.3	20140616	7	11	22	7	7.8
36076	NA	"PRI2CO"	419	439	""	""	NA	1	1.3	1.3	20140616	7	11	31	10.1	3
36078	NA	"TOCOPI"	326	349	""	""	NA	1	1.3	1.3	20140616	7	11	42	16	6.4
36079	NA	"GUARGU"	368	395	""	""	NA	1	1.3	1.3	20140616	7	11	41	17	4
36080	NA	"TET2PA"	322	390	""	""	NA	1	1.3	1.3	20140616	7	12	11	0.2	2.5
36081	NA	"CECRIN"	394	404	"B"	""	NA	1	2.1	2.1	20140616	7	12	12	0.2	8.2
36082	NA	"GUSTSU"	248	253	""	""	NA	1	1.3	1.3	20140616	7	12	23	9.3	10
36084	NA	"PROTTE"	211	228	""	""	NA	1	1.3	1.3	20140616	7	12	32	13	8
36086	NA	"ALSEBL"	226	246	""	""	NA	1	1.3	1.3	20140616	7	12	43	19	13.2
36087	NA	"TET2PA"	327	373	""	""	NA	1	1.3	1.3	20140616	7	12	41	19.9	4.2
36088	NA	"INGA"	413	471	""	"Q"	NA	1	1.3	1.3	20140616	7	13	11	0.1	1.2
36089	NA	"APEIME"	223	304	""	""	NA	1	1.3	1.3	20140616	7	13	12	2.8	5.8
36090	NA	"CECRIN"	213	NA	""	"S"	NA	NA	1.3	NA	20140616	7	13	13	1	11.2
36092	NA	"ALSEBL"	225	238	""	""	NA	1	1.3	1.3	20140616	7	13	44	19.3	15.2
36093	NA	"ALSEBL"	415	433	""	""	NA	1	1.3	1.3	20140616	7	13	44	15	15.2
36095	NA	"ASPICR"	980	1062	"B"	""	NA	1	2.24	2.24	20140616	7	14	14	0.1	19
36096	NA	"ALSEBL"	452	460	"B"	""	NA	1	3.48	3.48	20140616	7	14	24	8	15
36097	NA	"TRI2TU"	242	252	""	""	NA	1	1.3	1.3	20140616	7	14	31	11.2	3.5
36098	NA	"POCHSE"	521	555	"B"	""	NA	1	3.55	3.55	20140616	7	14	34	10.1	19
36099	NA	"SIMAAM"	312	320	""	""	NA	1	1.3	1.3	20140616	7	14	44	19.8	15
36101	NA	"QUARAS"	262	322	"B"	""	NA	1	3.36	3.36	20140616	9	12	34	13.5	19.8
36102	NA	"PRI2CO"	271	299	""	""	NA	1	1.3	1.3	20140616	9	12	44	15	18
36103	NA	"TRI2TU"	224	263	""	""	NA	1	1.3	1.3	20140616	9	12	44	16	15.1
36104	NA	"TREMMI"	506	NA	""	"N"	NA	NA	1.3	NA	20140616	9	12	42	18	5
36105	NA	"CALOLO"	771	NA	""	"S"	NA	NA	1.3	NA	20140616	9	13	13	4.8	13
36106	NA	"QUARAS"	611	628	"B"	""	NA	1	3.81	3.81	20140616	9	13	23	7.7	14.3
36107	NA	"PROTTE"	331	380	""	""	NA	1	1.3	1.3	20140616	9	13	32	13	5
36108	NA	"AST1ST"	261	304	""	""	NA	1	1.3	1.3	20140616	9	13	32	10.6	8
36109	NA	"UNK?"	357	416	""	""	NA	1	1.3	1.3	20140616	9	13	33	14.8	12
36110	NA	"TET2PA"	391	424	"B"	""	NA	1	3.22	3.22	20140616	9	13	34	13	18
36112	NA	"PRI2CO"	212	288	""	""	NA	1	1.3	1.3	20140616	9	14	11	4.3	1
36113	NA	"QUARAS"	540	549	"B"	""	NA	1	3.73	3.73	20140616	9	14	24	5.5	15.8
36115	NA	"VIROSU"	691	772	"B"	""	NA	1	4.4	4.4	20140616	9	14	32	11	5
36116	NA	"MACRGL"	415	NA	"M"	"C"	NA	NA	1.3	NA	20140616	9	14	43	19	10.4
36117	NA	"POULAR"	780	NA	"B"	"C"	NA	NA	4.41	NA	20140616	9	14	42	19.8	7
36504	NA	"MACRGL"	NA	225	NA	"P,FC"	NA	1	NA	1.3	NA	9	7	44	15.2	18.8
48023	NA	"PROTTE"	NA	215	NA	""	NA	1	NA	1.3	NA	4	0	23	3	1.3
48024	NA	"CORDBI"	NA	200	NA	""	NA	1	NA	1.3	NA	4	0	22	4.8	3.2
48025	NA	"HYERAL"	NA	274	NA	""	NA	1	NA	1.3	NA	4	1	23	1.9	0.1
48026	NA	"INGAS1"	NA	209	NA	""	NA	1	NA	1.3	NA	4	1	33	2.7	1.1
48027	NA	"VIROSE"	NA	206	NA	""	NA	1	NA	1.3	NA	4	2	32	1.1	3.7
48028	NA	"ALSEBL"	NA	201	NA	""	NA	1	NA	1.3	NA	4	4	33	0.5	3.2
48031	NA	"ALSEBL"	NA	206	NA	""	NA	1	NA	1.3	NA	4	7	24	0.2	4.3
48032	NA	"CECRIN"	NA	285	NA	""	NA	1	NA	1.3	NA	4	9	44	1.5	1.5
48033	NA	"VIROSE"	NA	223	NA	""	NA	1	NA	1.3	NA	4	10	41	1	4.5
48034	NA	"NECTGL"	NA	272	NA	""	NA	1	NA	1.3	NA	4	10	42	0.1	4.7
48035	NA	"SIMAAM"	NA	220	NA	""	NA	1	NA	1.3	NA	4	10	43	0.2	4
48037	NA	"VIROSE"	NA	238	NA	""	NA	1	NA	1.3	NA	4	11	23	4.8	1.7
48038	NA	"ALSEBL"	NA	210	NA	""	NA	1	NA	1.3	NA	4	12	14	4.5	1.1
48039	NA	"ALSEBL"	NA	216	NA	""	NA	1	NA	1.3	NA	4	12	22	3.2	4.5
48040	NA	"AMAICO"	NA	227	NA	""	NA	1	NA	1.3	NA	4	12	32	1.5	0.5
48041	NA	"ALSEBL"	NA	213	NA	""	NA	1	NA	1.3	NA	4	14	21	1.1	4
48043	NA	"PRI2CO"	NA	209	NA	""	NA	1	NA	1.3	NA	6	0	43	4.7	3.6
48045	NA	"PROTTE"	NA	223	NA	""	NA	1	NA	1.3	NA	6	1	44	1.1	0.7
48046	NA	"PRI2CO"	NA	200	NA	""	NA	1	NA	1.3	NA	6	2	13	1.8	0.2
48048	NA	"PRI2CO"	NA	239	NA	""	NA	1	NA	1.3	NA	6	2	42	2.5	0.3
48049	NA	"POCHSE"	NA	242	NA	""	NA	1	NA	1.3	NA	6	3	13	0.9	3.6
48050	NA	"PRI2CO"	NA	257	NA	""	NA	1	NA	1.3	NA	6	3	22	4.8	2.8
48051	NA	"POUTRE"	NA	266	NA	""	NA	1	NA	1.3	NA	6	4	14	2.1	3.1
48055	NA	"TET2PA"	NA	220	NA	""	NA	1	NA	1.3	NA	6	6	41	0.3	4.8
48056	NA	"TET2PA"	NA	218	NA	""	NA	1	NA	1.3	NA	6	6	34	1.5	0.2
48058	NA	"UNK?"	NA	234	NA	""	NA	1	NA	1.3	NA	6	7	43	1.5	0.3
48060	NA	"PROTTE"	NA	232	NA	""	NA	1	NA	1.3	NA	6	7	12	4.5	0.2
48062	NA	"PROTTE"	NA	205	NA	""	NA	1	NA	1.3	NA	6	8	24	3.9	2.5
48063	NA	"PROTTE"	NA	200	NA	""	NA	1	NA	1.3	NA	6	9	32	3.1	0.5
48064	NA	"BEILPE"	NA	206	NA	""	NA	1	NA	1.3	NA	6	10	13	1.3	1.1
48065	NA	"TET2PA"	NA	205	NA	""	NA	1	NA	1.3	NA	6	10	14	0.5	0.8
48067	NA	"VIROSE"	NA	213	NA	""	NA	1	NA	1.3	NA	6	11	41	1.1	0.2
48068	NA	"PRI2CO"	NA	242	NA	""	NA	1	NA	1.3	NA	6	11	42	4.8	2.7
48070	NA	"JAC1CO"	NA	247	NA	""	NA	1	NA	1.3	NA	6	12	13	0.5	0.2
48071	NA	"SYMPGL"	NA	208	NA	""	NA	1	NA	1.3	NA	6	13	12	2.5	2.5
48072	NA	"CORDBI"	NA	235	NA	""	NA	1	NA	1.3	NA	6	13	22	0.1	1.5
48073	NA	"HEISCO"	NA	205	NA	""	NA	1	NA	1.3	NA	6	13	44	3.9	2.1
48077	NA	"VIROSE"	NA	221	NA	""	NA	1	NA	1.3	NA	9	13	22	2	2.8
48078	NA	"UNK?"	NA	236	NA	""	NA	1	NA	1.3	NA	9	13	22	2.1	1.2
48081	NA	"UNK?"	NA	208	NA	""	NA	1	NA	1.3	NA	9	12	44	4.1	2.8
48082	NA	"PROTTE"	NA	213	NA	""	NA	1	NA	1.3	NA	9	11	23	4.7	3.6
48083	NA	"TRI2TU"	NA	212	NA	""	NA	1	NA	1.3	NA	9	11	31	1.1	1.2
48085	NA	"TRI2TU"	NA	222	NA	""	NA	1	NA	1.3	NA	9	10	42	3	4.8
48086	NA	"HIRTAM"	NA	254	NA	""	NA	1	NA	1.3	NA	9	10	22	2.5	4.7
48087	NA	"PROTTE"	NA	262	NA	""	NA	1	NA	1.3	NA	9	9	14	2.5	3.1
48088	NA	"CECROB"	NA	250	NA	""	NA	1	NA	1.3	NA	9	9	12	3.5	2.6
48089	NA	"CORDBI"	NA	233	NA	""	NA	1	NA	1.3	NA	9	9	42	0.3	0.9
48090	NA	"UNK?"	NA	243	NA	""	NA	1	NA	1.3	NA	9	9	34	4.6	2.1
48091	NA	"PROTTE"	NA	209	NA	""	NA	1	NA	1.3	NA	9	7	44	3.5	1.5
48094	NA	"MACRGL"	NA	215	NA	""	NA	1	NA	1.3	NA	9	6	33	1.5	1
48096	NA	"EUGECO"	NA	224	NA	""	NA	1	NA	1.3	NA	9	5	44	1.7	1.5
48098	NA	"TET2PA"	NA	200	NA	""	NA	1	NA	1.3	NA	9	3	14	2.9	4.7
48099	NA	"CORDBI"	NA	228	NA	""	NA	1	NA	1.3	NA	9	3	23	3.2	0.3
48100	NA	"PROTTE"	NA	221	NA	""	NA	1	NA	1.3	NA	9	3	31	2.1	1.8
48823	NA	"POULAR"	NA	207	NA	""	NA	1	NA	1.3	NA	1	0	34	0.2	2.8
48825	NA	"VIROSE"	NA	213	NA	""	NA	1	NA	1.3	NA	1	1	14	1.5	4.1
48827	NA	"INGAS1"	NA	207	NA	""	NA	1	NA	1.3	NA	1	2	32	3.8	3.1
48828	NA	"GUATDU"	NA	201	NA	""	NA	1	NA	1.3	NA	1	3	11	4.7	4.8
48829	NA	"VIROSU"	NA	317	NA	""	NA	1	NA	1.3	NA	1	3	21	4.2	1.9
48832	NA	"VIROSU"	NA	215	NA	""	NA	1	NA	1.3	NA	1	4	34	4.5	3.5
48833	NA	"TRATAS"	NA	255	NA	""	NA	1	NA	1.3	NA	1	5	13	3.8	0.3
48834	NA	"APEITI"	NA	224	NA	""	NA	1	NA	1.3	NA	1	6	22	1.9	4.8
48836	NA	"CASSEL"	NA	219	NA	""	NA	1	NA	1.3	NA	1	10	11	3.8	4.3
48839	NA	"PRO2CO"	NA	218	NA	""	NA	1	NA	1.3	NA	7	0	12	0.8	4.5
48840	NA	"TRI4GA"	NA	266	NA	""	NA	1	NA	1.3	NA	7	0	41	0.9	0.2
48841	NA	"PRI2CO"	NA	221	NA	""	NA	1	NA	1.3	NA	7	0	42	1	4.8
48842	NA	"PROTTE"	NA	251	NA	"P,med"	NA	1	NA	1.9	NA	7	0	44	0.5	3.2
48843	NA	"TET2PA"	NA	256	NA	"Q"	NA	1	NA	1.3	NA	7	1	11	0.8	4.1
48844	NA	"VIROSE"	NA	262	NA	""	NA	1	NA	1.3	NA	7	1	14	4.9	4.8
48846	NA	"TET2PA"	NA	233	NA	""	NA	1	NA	1.3	NA	7	2	24	2.1	2.2
48847	NA	"PROTTE"	NA	203	NA	""	NA	1	NA	1.3	NA	7	2	44	3.5	4.8
48849	NA	"INGAS1"	NA	279	NA	""	NA	2	NA	1.3	NA	7	3	42	3.8	3
48851	NA	"TET2PA"	NA	251	NA	""	NA	1	NA	1.3	NA	7	4	24	1.5	1.1
48852	NA	"TACHVE"	NA	446	NA	""	NA	1	NA	1.3	NA	7	5	41	0.9	3.8
48853	NA	"SIMAAM"	NA	200	NA	""	NA	1	NA	1.3	NA	7	5	33	1.8	1.7
48854	NA	"HEISCO"	NA	212	NA	""	NA	1	NA	1.3	NA	7	5	44	3.8	0.5
48856	NA	"ALSEBL"	NA	217	NA	""	NA	1	NA	1.3	NA	7	7	23	2.5	2.1
48858	NA	"TREMIN"	NA	275	NA	""	NA	1	NA	1.3	NA	7	8	13	1.5	2.1
48859	NA	"CECROB"	NA	274	NA	""	NA	1	NA	1.3	NA	7	8	33	4.1	4.1
48861	NA	"XLL1MA"	NA	216	NA	""	NA	1	NA	1.3	NA	7	10	21	0.3	1.1
48867	NA	"CECRIN"	NA	297	NA	""	NA	1	NA	1.3	NA	9	3	41	4.5	1.7
48868	NA	"PROTTE"	NA	208	NA	""	NA	1	NA	1.3	NA	9	2	44	1.5	2.7
48869	NA	"PROTTE"	NA	216	NA	""	NA	1	NA	1.3	NA	9	2	34	3.5	2.1
48870	NA	"TET2PA"	NA	238	NA	""	NA	1	NA	1.3	NA	9	2	33	0.1	2.1
48871	NA	"PROTTE"	NA	215	NA	""	NA	1	NA	1.3	NA	9	2	14	4.5	4.8
48872	NA	"MACRGR"	NA	229	NA	""	NA	1	NA	1.3	NA	9	1	31	3	2.9
48873	NA	"QUARAS"	NA	233	NA	""	NA	1	NA	1.3	NA	9	1	42	4.8	1.8
48874	NA	"ALLOPS"	NA	233	NA	"Q"	NA	3	NA	1.3	NA	9	1	14	4.8	0.9
49274	NA	"CECRIN"	NA	207	NA	""	NA	1	NA	1.3	NA	0	2	13	0.3	0.7
49278	NA	"HIRTTR"	NA	230	NA	""	NA	1	NA	1.3	NA	0	3	34	2.2	0.8
49280	NA	"GUARGU"	NA	200	NA	""	NA	1	NA	1.3	NA	0	4	13	1.5	4.5
49281	NA	"UNK?"	NA	277	NA	""	NA	1	NA	1.3	NA	0	5	41	0.5	4.7
49282	NA	"TET2PA"	NA	260	NA	""	NA	1	NA	1.3	NA	0	4	24	3.1	0.5
49283	NA	"VIROSE"	NA	201	NA	""	NA	1	NA	1.3	NA	0	5	41	1.8	0.8
49284	NA	"VOCHFE"	NA	209	NA	""	NA	1	NA	1.3	NA	0	9	41	0.9	1.1
49287	NA	"HEISCO"	NA	230	NA	""	NA	1	NA	1.3	NA	0	11	44	3.1	2.2
49289	NA	"HEISCO"	NA	212	NA	""	NA	1	NA	1.3	NA	2	2	23	3.5	2.6
49290	NA	"INGAS1"	NA	208	NA	""	NA	1	NA	1.3	NA	2	3	12	4	2.9
49291	NA	"GUATDU"	NA	325	NA	""	NA	1	NA	1.3	NA	2	5	12	0.5	1.1
49293	NA	"HEISCO"	NA	217	NA	""	NA	1	NA	1.3	NA	2	7	44	3.1	1.1
49294	NA	"TRI2TU"	NA	230	NA	""	NA	1	NA	1.3	NA	2	9	22	0.1	0.2
49296	NA	"TET2PA"	NA	225	NA	""	NA	1	NA	1.3	NA	2	10	12	3.8	2.9
49298	NA	"AST2GR"	NA	213	NA	""	NA	1	NA	1.3	NA	2	12	41	3.2	1.3
49299	NA	"CECRIN"	NA	280	NA	""	NA	1	NA	1.3	NA	3	0	21	3.1	3.8
49301	NA	"PROTTE"	NA	305	NA	"Q"	NA	1	NA	1.3	NA	3	2	32	0.5	4.1
49302	NA	"CROTBI"	NA	202	NA	""	NA	1	NA	1.3	NA	2	4	43	0.4	3.7
49304	NA	"CALOLO"	NA	255	NA	""	NA	1	NA	1.3	NA	3	9	44	2.7	0.3
49305	NA	"PROTTE"	NA	360	NA	""	NA	1	NA	1.3	NA	3	9	23	3.1	2.2
49306	NA	"UNK?"	NA	329	NA	""	NA	1	NA	1.3	NA	3	9	34	0.8	0.2
49307	NA	"HIRTTR"	NA	204	NA	""	NA	1	NA	1.3	NA	3	10	24	1.1	0.8
49308	NA	"CECRIN"	NA	303	NA	""	NA	1	NA	1.3	NA	3	11	32	1.1	3.7
49311	NA	"SIMAAM"	NA	399	NA	""	NA	1	NA	1.3	NA	3	14	32	0.1	3.4
49312	NA	"PRI2CO"	NA	304	NA	""	NA	1	NA	1.3	NA	3	14	23	3.1	0.9
49313	NA	"SIMAAM"	NA	203	NA	""	NA	1	NA	1.3	NA	5	0	11	0.8	1
49315	NA	"VIROSE"	NA	244	NA	""	NA	1	NA	1.3	NA	5	0	32	2	1.1
49316	NA	"CASSEL"	NA	222	NA	""	NA	1	NA	1.3	NA	5	0	33	2.3	0.8
49317	NA	"CECROB"	NA	202	NA	""	NA	1	NA	1.3	NA	5	0	34	3.1	4
49318	NA	"PROTTE"	NA	208	NA	""	NA	1	NA	1.3	NA	5	0	14	2.2	3.9
49319	NA	"VIROSE"	NA	200	NA	""	NA	1	NA	1.3	NA	5	1	32	0.3	4.1
49321	NA	"PROTTE"	NA	203	NA	""	NA	1	NA	1.3	NA	5	1	44	4.3	2
49323	NA	"INGAS1"	NA	201	NA	""	NA	1	NA	1.3	NA	5	2	24	2.5	4.8
49324	NA	"CORDBI"	NA	365	NA	""	NA	1	NA	1.3	NA	5	3	44	2.8	2.9
49326	NA	"PHOECI"	NA	215	NA	""	NA	1	NA	1.3	NA	5	5	13	3.8	4.5
49329	NA	"VIROSE"	NA	210	NA	""	NA	1	NA	1.3	NA	5	9	23	0.5	3.2
49330	NA	"GUARGU"	NA	201	NA	""	NA	2	NA	1.3	NA	5	9	32	2.1	3.5
49331	NA	"PROTTE"	NA	204	NA	""	NA	1	NA	1.3	NA	5	9	24	1.9	3.5
49332	NA	"VIROSP"	NA	342	NA	""	NA	1	NA	1.3	NA	5	10	31	0.5	3
49333	NA	"TET2PA"	NA	270	NA	""	NA	1	NA	1.3	NA	5	10	23	2.9	1.7
49334	NA	"TET2PA"	NA	205	NA	""	NA	1	NA	1.3	NA	5	12	14	1.6	0.8
49336	NA	"CECRIN"	NA	273	NA	""	NA	1	NA	1.3	NA	8	14	24	2.5	4
49339	NA	"POUTRE"	NA	245	NA	""	NA	1	NA	1.3	NA	8	13	43	2	4.2
49340	NA	"PROTTE"	NA	225	NA	""	NA	1	NA	1.3	NA	8	12	42	1.5	4.1
49341	NA	"POSOLA"	NA	202	NA	""	NA	1	NA	1.3	NA	8	11	44	2.5	2.8
49343	NA	"PROTTE"	NA	220	NA	""	NA	1	NA	1.3	NA	8	10	12	3.8	3
49344	NA	"CECROB"	NA	210	NA	"Q"	NA	1	NA	1.3	NA	8	9	14	3.5	1.8
49345	NA	"PRI2CO"	NA	208	NA	""	NA	1	NA	1.3	NA	8	10	42	1.9	1.5
49346	NA	"EUGEOE"	NA	228	NA	""	NA	1	NA	1.3	NA	8	10	41	2.5	0.8
49347	NA	"PROTTE"	NA	208	NA	""	NA	1	NA	1.3	NA	8	9	32	1.8	3.2
49348	NA	"PROTTE"	NA	210	NA	""	NA	1	NA	1.3	NA	8	9	11	1.5	0.9
49349	NA	"PROTTE"	NA	254	NA	""	NA	1	NA	1.3	NA	8	8	23	3.1	2.8
49350	NA	"PROTTE"	NA	222	NA	""	NA	1	NA	1.3	NA	8	8	43	2.9	4.2
49352	NA	"GUARGU"	NA	204	NA	""	NA	1	NA	1.3	NA	8	7	41	3	0.9
49354	NA	"PIT1RU"	NA	217	NA	"Q"	NA	1	NA	1.3	NA	8	6	31	0.8	1.1
49355	NA	"PIT1RU"	NA	260	NA	""	NA	1	NA	1.3	NA	8	6	21	3.8	0.7
49356	NA	"TET2PA"	NA	242	NA	""	NA	1	NA	1.3	NA	8	5	22	3.5	3.2
49358	NA	"DIO2AR"	NA	224	NA	""	NA	1	NA	1.3	NA	8	5	21	0.5	0.3
49359	NA	"ASPICR"	NA	255	NA	""	NA	1	NA	1.3	NA	8	5	11	0.6	2.2
49361	NA	"HEISCO"	NA	205	NA	""	NA	1	NA	1.3	NA	8	4	34	3.2	3.5
49362	NA	"PROTTE"	NA	202	NA	""	NA	1	NA	1.3	NA	8	3	34	0.2	3
49363	NA	"PROTTE"	NA	225	NA	""	NA	1	NA	1.3	NA	8	3	43	3.5	2.5
49364	NA	"PROTTE"	NA	210	NA	""	NA	1	NA	1.3	NA	8	2	34	0.2	4.8
49365	NA	"PROTTE"	NA	228	NA	""	NA	1	NA	1.3	NA	8	2	44	2.8	1.8
49366	NA	"DRYPST"	NA	209	NA	""	NA	1	NA	1.3	NA	8	2	31	2.2	4.7
49367	NA	"ALSEBL"	NA	272	NA	""	NA	1	NA	1.3	NA	8	1	34	4.7	3.5
49368	NA	"SPONMO"	NA	223	NA	""	NA	1	NA	1.3	NA	8	1	14	4.2	2.8
49369	NA	"EUGECO"	NA	200	NA	""	NA	1	NA	1.3	NA	8	0	14	1.5	0.1
49370	NA	"PROTTE"	NA	239	NA	""	NA	1	NA	1.3	NA	8	0	14	0.9	1.5
