"tag"	"new.tag"	"sp"	"dbh04"	"dbh14"	"code04"	"code14"	"stems04"	"stems14"	"pom04"	"pom14"	"date14"	"col"	"row"	"p5"	"x"	"y"
37147	37145	"VIROSU"	0	300	"B"	"P"	NA	1	1.3	1.3	20140630	9	5	43	18	14
36206	48951	"ORMOMA"	622	704	"B"	"P"	NA	1	3.75	3.75	20140625	1	0	12	4.9	9.1
36259	48962	"SPONRA"	588	617	""	"P"	NA	1	1.3	1.3	20140625	1	10	42	17	8
36262	48963	"ANACEX"	775	811	""	"P"	NA	1	1.3	1.3	20140625	1	11	33	14	12
36269	48965	"INGA SP"	250	460	"M"	"P"	NA	2	1.3	2.85	20140625	1	13	12	3.1	8.1
36272	48967	"ANACEX"	499	558	""	"P"	NA	1	1.3	2.85	20140625	1	13	41	15	3.6
36379	48971	"UNK?"	237	439	""	"P"	NA	1	1.3	1.3	20140626	4	2	42	17	8
36372	48972	"DIPTPA"	639	691	"B"	"P"	NA	1	3.38	3.38	20140626	4	3	21	5.5	4.3
36374	48973	"LUEHSE"	635	682	"B"	"P"	NA	1	3.7	3.7	20140626	4	3	43	18	10.2
36352	48977	"ANACEX"	767	816	""	"P"	NA	1	1.3	1.3	20140626	4	5	14	1.3	15
36330	48980	"SCH1ZO"	264	282	""	"P"	NA	1	1.3	1.3	20140626	4	8	32	13.4	9.9
36320	48988	"VOCHFE"	272	469	""	"P"	NA	1	1.3	1.3	20140626	4	11	32	11.8	7
36316	48990	"CALOLO"	477	585	""	"P"	NA	1	1.3	1.3	20140626	4	12	32	13	7
36312	48992	"SCH1ZO"	334	323	""	"P"	NA	1	1.3	1.3	20140626	4	14	41	17	2.8
35486	48998	"BEILPE"	413	495	""	"P"	NA	1	1.3	1.3	20140627	7	0	33	14.9	11.4
35491	49000	"VIROSU"	270	397	""	"P"	NA	1	1.3	1.3	20140627	7	1	22	5.3	5.1
35335	49406	"TACHVE"	381	620	""	"P"	NA	1	1.3	3.65	20140625	0	7	22	5.2	5.7
36290	49411	"TACHVE"	687	822	"B"	"P"	NA	1	3.36	4.75	20140625	0	12	31	13	3
36292	49413	"APEIME"	485	550	""	"P"	NA	1	1.3	1.3	20140625	0	12	43	17.2	13
36281	49416	"ANACEX"	408	500	""	"P"	NA	1	1.3	1.3	20140625	0	14	22	7	8.9
36283	49417	"OCOTOB"	329	355	""	"P"	NA	1	1.3	1.3	20140625	0	14	34	12	17.8
36285	49418	"ANACEX"	1014	1090	""	"P"	NA	1	1.3	1.3	20140625	0	14	44	17	19.9
37009	49419	"TRI2TU"	361	385	""	"P"	NA	1	1.3	1.3	20140626	3	0	12	0.3	9.5
37011	49421	"JAC1CO"	411	470	""	"P"	NA	1	1.3	1.3	20140626	3	0	44	18	17.5
35991	49425	"ANACEX"	1281	1285	"B"	"P"	NA	1	3.28	3.28	20140626	3	3	12	4.5	5.3
35993	49426	"DIPTPA"	290	275	""	"P"	NA	1	1.3	4.27	20140626	3	3	23	7	10.4
35959	49432	"SCH2MO"	438	555	""	"P"	NA	1	1.3	1.3	20140626	3	7	33	12	13
35949	49434	"JAC1CO"	453	539	""	"P"	NA	1	1.3	1.3	20140626	3	8	24	6	15.3
35952	49435	"DIPTPA"	703	725	"B"	"P"	NA	1	3.3	3.3	20140626	3	8	33	12	12
35946	49436	"JAC1CO"	602	612	""	"P"	NA	1	1.3	1.3	20140626	3	9	21	8	3
35947	49437	"TET2PA"	365	375	""	"P"	NA	1	1.3	1.3	20140626	3	9	21	8.7	0.2
35930	49440	"DIPTPA"	420	495	"B"	"P"	NA	1	3.48	3.48	20140626	3	12	23	9.5	13
35923	49444	"HYERAL"	545	564	"B"	"P"	NA	1	3.37	3.37	20140626	3	13	14	0.2	19.6
35375	49447	"PIT1MA"	496	625	""	"P"	NA	1	1.3	1.3	20140627	6	0	13	0.2	10.1
35378	49448	"HIRTAM"	226	359	""	"P"	NA	1	1.3	1.3	20140627	6	0	33	13.2	11.3
35382	49449	"HYERAL"	729	770	"B"	"P"	NA	1	3.12	3.12	20140627	6	1	14	4.9	17.7
35391	49451	"CHR2CA"	417	517	"B"	"P"	NA	1	3.38	3.38	20140627	6	2	11	1	4
35401	49452	"SPONRA"	520	575	""	"P"	NA	1	1.3	1.3	20140627	6	3	12	2	5.2
35429	49456	"MACRGL"	417	472	"M"	"P"	NA	5	1.3	1.3	20140627	6	6	44	17.8	19.3
35432	49457	"SPONMO"	875	914	""	"P"	NA	1	1.3	1.3	20140627	6	7	43	17.2	14.8
35436	49463	"JAC1CO"	221	444	""	"P"	NA	1	1.3	1.3	20140627	6	8	33	12	11
35435	49464	"VOCHFE"	285	480	""	"P"	NA	1	1.3	1.3	20140627	6	8	14	1.6	15.1
35439	49465	"ENTESC"	809	859	""	"P"	NA	1	1.3	1.3	20140627	6	9	13	2.8	14.9
35448	49468	"VOCHFE"	283	450	""	"P"	NA	1	1.3	1.3	20140627	6	10	33	10.1	11
35449	49469	"SPONRA"	458	530	""	"P"	NA	1	1.3	1.3	20140627	6	10	34	11.2	15.1
35460	49470	"JAC1CO"	620	644	"B"	"P"	NA	1	3	3	20140627	6	12	11	0.1	2.3
35479	49472	"HYERAL"	482	545	""	"P"	NA	1	1.3	1.3	20140627	6	14	42	19.2	8.3
35477	49473	"MACRGL"	259	295	""	"P"	NA	1	1.3	1.3	20140627	6	14	44	18.5	15.6
35476	49474	"VIROSU"	734	701	""	"Q,P"	NA	1	1.3	4.1	20140627	6	14	44	15.1	18.9
36980	49475	"HYERAL"	605	674	"B"	"P"	NA	1	2.06	2.06	20140630	9	13	23	8.5	12
36487	49480	"PIT1MA"	404	515	""	"P"	NA	1	1.3	1.3	20140630	9	12	32	11	5
36493	49482	"BEILPE"	244	277	""	"P"	NA	1	1.3	1.3	20140630	9	11	22	9	6
37102	49483	"VIROSU"	525	633	""	"P"	NA	1	1.3	1.3	20140630	9	10	44	15	18.4
36500	49484	"TRATAS"	309	380	""	"P"	NA	1	1.3	1.3	20140630	9	10	42	15	9
37109	49485	"POUTFO"	207	322	""	"P"	NA	1	1.3	1.3	20140630	9	9	32	10.1	9
37119	49487	"VIROSU"	664	752	""	"P"	NA	1	1.3	1.3	20140630	9	8	34	14	17
37129	49493	"VIROSU"	338	488	""	"P"	NA	1	1.3	1.3	20140630	9	6	24	9.3	19.8
37132	49494	"SIMAAM"	221	336	""	""	NA	1	1.3	1.3	20140630	9	6	34	14	15
37131	49495	"VIROSU"	224	352	""	"P"	NA	1	1.3	1.3	20140630	9	6	43	15	10.1
37146	49497	"VIROSU"	239	810	""	"P"	NA	1	1.3	1.3	20140630	9	5	43	18	12.4
37153	49499	"SYMPGL"	207	270	""	"P"	NA	1	1.3	1.3	20140630	9	2	12	1.2	8.3
37156	49500	"XYL1MA"	239	244	""	"P"	NA	1	1.3	1.3	20140630	9	2	33	11	13
35860	49750	"PROTTE"	291	382	""	"P"	NA	1	1.3	1.3	20140625	2	4	11	1.9	0.6
35886	49756	"JAC1CO"	663	715	""	"P"	NA	1	1.3	1.3	20140625	2	9	31	10.3	2.4
35887	49757	"BEILPE"	366	425	""	"P"	NA	1	1.3	1.3	20140625	2	9	42	16	8.7
35889	49758	"INGAFA"	223	233	""	"P"	NA	1	1.3	1.3	20140625	2	9	34	12.5	19.8
35893	49759	"ANACEX"	645	713	""	"P"	NA	1	1.3	1.3	20140625	2	10	21	9.7	2.1
35899	49760	"NECTCI"	320	41	"M"	"R,P"	NA	2	1.3	1.3	20140625	2	11	22	9	8
35902	49762	"TAB1GU"	563	560	""	"P"	NA	1	1.3	1.3	20140625	2	11	34	12	18
36411	49767	"GUAPST"	880	969	"B"	"P"	NA	1	3.1	3.1	20140626	5	3	21	7	4.3
36433	49771	"SCH1ZO"	263	272	""	"P"	NA	1	1.3	1.3	20140626	5	6	33	10	10
36452	49784	"LINDLA"	250	250	"M"	"P"	NA	4	1.3	1.3	20140626	5	10	21	7	3
36477	49793	"ANACEX"	768	828	""	"P"	NA	1	1.3	1.3	20140626	5	14	22	7.5	5
36481	49794	"OCOT SP"	248	357	""	"P"	NA	3	1.3	1.3	20140626	5	14	41	17	1
37017	49796	"ANACEX"	1230	1305	""	"P"	NA	1	1.3	1.3	20140627	8	1	11	2	2
37069	49803	"SCH1ZO"	327	327	""	"P"	NA	1	1.3	1.3	20140627	8	8	32	12.2	6.3
37073	49805	"SPONRA"	369	424	""	"P"	NA	1	1.3	1.3	20140627	8	9	23	6.8	12.5
37080	49809	"TERMAM"	960	1010	"B"	"P"	NA	1	3.28	3.28	20140627	8	11	24	9.7	19
36925	49915	"SPONRA"	533	569	""	"P"	NA	1	1.3	1.3	20140627	7	7	43	18	11
36941	49918	"TERMAM"	368	442	""	"P"	NA	1	1.3	3	20140627	7	10	13	1	14
36948	49919	"VOCHFE"	365	555	""	"P"	NA	1	1.3	1.3	20140627	7	11	33	12	12.3
36944	49920	"CALOLO"	435	520	""	"P"	NA	1	1.3	1.3	20140627	7	11	14	4	17.7
36962	49923	"SLOATE"	576	564	""	"P"	NA	1	1.3	5.85	20140627	7	13	24	9.2	19
35499	499905	"ANACEX"	665	820	""	"P"	NA	1	1.3	1.3	20140627	7	3	21	5.5	0.1
35301	NA	"POULAR"	517	607	"B"	""	NA	1	3.4	3.4	20140625	0	0	21	5.2	4.7
35302	NA	"ANDIIN"	236	NA	""	"S"	NA	NA	1.3	NA	20140625	0	0	33	11.5	12.2
35303	NA	"PIT1MA"	205	270	""	""	NA	1	1.3	1.3	20140625	0	0	34	11.5	15.7
35304	NA	"POULAR"	1113	1040	"B"	""	NA	1	3.5	5.65	20140625	0	0	34	12.3	19.3
35305	NA	"MAQUCO"	220	NA	"Q"	"N"	NA	NA	1.3	NA	20140625	0	1	14	1	15.8
35306	NA	"QUARAS"	280	306	""	""	NA	1	1.3	1.3	20140625	0	1	24	9.9	19.2
35307	NA	"VIROSU"	578	560	""	""	NA	1	1.3	3.73	20140625	0	1	41	15.2	1.4
35308	NA	"TET2PA"	284	315	""	""	NA	1	1.3	1.3	20140625	0	2	12	2	5.3
35309	NA	"DIPTPA"	1090	1139	"B"	""	NA	1	3.4	3.4	20140625	0	2	32	11.2	5.2
35310	NA	"CEIBPE"	1378	1385	"B"	""	NA	1	4.1	4.1	20140625	0	2	34	12.7	19
35311	NA	"ALSEBL"	240	315	""	""	NA	1	1.3	1.3	20140625	0	2	44	19.2	19.9
35312	NA	"AST2GR"	212	222	"Q"	""	NA	1	1.3	1.3	20140625	0	3	14	3.8	17.8
35313	NA	"PROTTE"	243	265	""	""	NA	1	1.3	1.3	20140625	0	3	42	18.2	9.9
35314	NA	"LINDLA"	237	273	"M"	""	NA	4	1.3	1.3	20140625	0	4	24	8	18
35315	NA	"TET2PA"	200	204	""	""	NA	1	1.3	1.3	20140625	0	4	33	11.7	14.6
35316	NA	"TRI2TU"	222	269	""	""	NA	1	1.3	1.3	20140625	0	4	44	15.2	15.2
35317	NA	"PROTTE"	224	228	""	""	NA	1	1.3	1.3	20140625	0	4	44	19.8	17.4
35318	NA	"UNK?"	259	262	""	""	NA	1	1.3	1.3	20140625	0	4	42	19.9	5.7
35319	NA	"DIPTPA"	1046	1096	"B"	""	NA	1	3.87	3.87	20140625	0	5	12	4.2	9.8
35320	NA	"TET2PA"	201	224	""	""	NA	1	1.3	1.3	20140625	0	5	24	5.1	18.5
35321	NA	"JAC1CO"	645	NA	""	"S"	NA	NA	1.3	NA	20140625	0	5	24	6	18.5
35322	NA	"DIPTPA"	913	931	"B"	""	NA	1	3.87	3.87	20140625	0	5	44	15.1	16.1
35323	NA	"SLOATE"	278	285	""	""	NA	1	1.3	1.3	20140625	0	5	44	15.9	19
35324	NA	"PLA2EL"	247	NA	""	"N"	NA	NA	1.3	NA	20140625	0	5	42	18.1	9.9
35325	NA	"DIPTPA"	768	775	"B"	""	NA	1	3.65	3.65	20140625	0	5	41	17.5	0.1
35326	NA	"BEILPE"	230	229	"Q"	""	NA	1	1.3	1.3	20140625	0	6	13	4	12.3
35327	NA	"TET2PA"	288	295	""	""	NA	1	1.3	1.3	20140625	0	6	22	9.9	8.5
35328	NA	"BEILPE"	570	582	""	""	NA	1	1.3	1.3	20140625	0	6	32	10.1	9.3
35329	NA	"TAB1RO"	313	314	""	""	NA	1	1.3	1.3	20140625	0	6	33	14.8	12.2
35330	NA	"BEILPE"	292	302	""	""	NA	1	1.3	1.3	20140625	0	6	43	15.3	12.2
35331	NA	"TET2PA"	352	372	""	""	NA	1	1.3	1.3	20140625	0	6	42	18.6	9.7
35332	NA	"SPONRA"	448	NA	""	"N"	NA	NA	1.3	NA	20140625	0	6	42	16.7	5.3
35333	NA	"TRI2TU"	260	277	""	""	NA	1	1.3	1.3	20140625	0	7	13	2.1	14.9
35334	NA	"JAC1CO"	705	740	""	""	NA	1	1.3	1.3	20140625	0	7	24	9	15.3
35336	NA	"POUTRE"	398	435	""	""	NA	1	1.3	1.3	20140625	0	7	33	11.4	14.9
35337	NA	"SPONRA"	402	436	""	""	NA	1	1.3	1.3	20140625	0	7	43	19.7	14
35338	NA	"PROTTE"	341	350	""	""	NA	1	1.3	1.3	20140625	0	7	41	15.8	1.8
35339	NA	"TRI2TU"	285	290	""	""	NA	1	1.3	1.3	20140625	0	8	14	0.7	15.1
35340	NA	"AST2GR"	265	285	""	""	NA	1	1.3	1.3	20140625	0	8	22	5.5	5.2
35341	NA	"DIPTPA"	863	889	"B"	""	NA	1	3.62	3.62	20140625	0	8	34	11	15.4
35342	NA	"INGA SP"	316	329	""	""	NA	1	1.3	1.3	20140625	0	9	12	3.8	8.3
35343	NA	"STERAP"	251	280	""	""	NA	1	1.3	1.3	20140625	0	9	13	3.5	11.5
35344	NA	"INGAFA"	225	223	""	""	NA	1	1.3	1.3	20140625	0	9	14	4.9	17.8
35345	NA	"TAB2AR"	259	NA	""	"C"	NA	NA	1.3	NA	20140625	0	9	24	9.3	19.8
35346	NA	"GUAPST"	947	820	""	""	NA	1	1.3	3.39	20140625	0	9	33	14.7	12
35347	NA	"ANACEX"	637	660	""	""	NA	1	1.3	1.3	20140625	0	9	41	18	4.6
35376	NA	"POUTRE"	364	NA	""	"N"	NA	NA	1.3	NA	20140627	6	0	24	8	15.1
35377	NA	"TET2PA"	263	300	""	""	NA	1	1.3	1.3	20140627	6	0	21	5.3	4.9
35379	NA	"JAC1CO"	617	634	""	""	NA	1	1.3	1.3	20140627	6	0	33	14.9	12.1
35380	NA	"AST2GR"	270	NA	""	"S"	NA	NA	1.3	NA	20140627	6	0	33	12	10.3
35381	NA	"POULAR"	347	361	"B"	""	NA	1	3.07	3.07	20140627	6	0	43	19.9	11.2
35383	NA	"JAC1CO"	664	688	"B"	""	NA	1	2.76	2.76	20140627	6	1	24	9.8	18.1
35384	NA	"TRI2TU"	205	242	""	""	NA	1	1.3	1.3	20140627	6	1	22	7.2	5.1
35385	NA	"INGAFA"	255	273	""	""	NA	1	1.3	1.3	20140627	6	1	33	12.2	10.6
35386	NA	"ANACEX"	954	1015	""	""	NA	1	1.3	1.3	20140627	6	1	33	14.8	14.2
35387	NA	"LUEHSE"	382	395	"B"	""	NA	1	3.01	3.01	20140627	6	1	34	10.2	18.5
35388	NA	"PROTTE"	270	273	""	""	NA	1	1.3	1.3	20140627	6	1	43	16	11
35389	NA	"UNK?"	727	743	""	""	NA	1	1.3	2.35	20140627	6	1	43	18	12
35390	NA	"VIROSE"	304	344	""	""	NA	1	1.3	1.3	20140627	6	1	42	16	7
35392	NA	"GUSTSU"	220	222	""	""	NA	1	1.3	1.3	20140627	6	2	12	4	8.5
35393	NA	"TAB1RO"	315	390	""	""	NA	1	1.3	1.3	20140627	6	2	24	9	19
35394	NA	"GAR2MA"	215	252	""	""	NA	1	1.3	1.3	20140627	6	2	21	7.2	1
35395	NA	"GUARGU"	261	277	""	""	NA	1	1.3	1.3	20140627	6	2	33	13	11.5
35396	NA	"SPONRA"	452	455	""	""	NA	1	1.3	1.3	20140627	6	2	33	10.9	14.9
35397	NA	"HIRTTR"	200	240	""	""	NA	1	1.3	1.3	20140627	6	2	34	12	16
35398	NA	"MACRGL"	238	275	""	""	NA	1	1.3	1.3	20140627	6	2	43	18	14
35399	NA	"MACRGL"	386	387	"M"	""	NA	2	1.3	1.3	20140627	6	2	42	16.2	9
35400	NA	"LICAPL"	217	246	""	""	NA	1	1.3	1.3	20140627	6	2	41	17.7	3.2
35402	NA	"STERAP"	1095	908	"B"	""	NA	1	3.5	6.25	20140627	6	3	22	9.9	7
35403	NA	"TRI2TU"	301	337	""	""	NA	1	1.3	1.3	20140627	6	3	21	9	1.7
35404	NA	"GUARGU"	234	238	""	""	NA	1	1.3	1.3	20140627	6	3	34	14	16.2
35405	NA	"TAB1RO"	255	262	""	""	NA	1	1.3	1.3	20140627	6	3	34	14	17.4
35406	NA	"SCH1ZO"	318	319	""	""	NA	1	1.3	1.3	20140627	6	4	14	0.1	15.1
35407	NA	"NECTPU"	328	NA	""	"C"	NA	NA	1.3	NA	20140627	6	4	24	5.1	18
35408	NA	"ANACEX"	820	900	""	""	NA	1	1.3	1.3	20140627	6	4	23	9.9	11.7
35409	NA	"HIRTTR"	226	255	""	""	NA	1	1.3	1.3	20140627	6	4	31	12	3.2
35410	NA	"PROTTE"	245	275	""	""	NA	1	1.3	1.3	20140627	6	4	44	17.4	19.8
35411	NA	"VIROSU"	499	541	"B"	""	NA	1	3.25	3.25	20140627	6	5	12	4.2	8
35412	NA	"CORDBI"	210	211	""	""	NA	1	1.3	1.3	20140627	6	5	14	2.3	15.1
35413	NA	"OCOT SP"	506	685	""	""	NA	1	1.3	1.3	20140627	6	5	24	8	17
35414	NA	"MACRGL"	243	315	"M"	""	NA	6	1.3	1.3	20140627	6	5	24	7.8	15.2
35415	NA	"SPONRA"	555	599	""	""	NA	1	1.3	1.3	20140627	6	5	22	8	7.7
35416	NA	"PROTTE"	325	335	""	""	NA	1	1.3	1.3	20140627	6	5	22	8	6.2
35417	NA	"TERMAM"	771	773	"B"	"Q"	NA	1	3.15	3.15	20140627	6	5	31	13	0.3
35418	NA	"MACRGL"	264	289	"M"	""	NA	2	1.3	1.3	20140627	6	5	32	11	8.2
35419	NA	"GUARGU"	236	241	""	""	NA	1	1.3	1.3	20140627	6	5	33	11.2	12.2
35420	NA	"HYERAL"	699	NA	""	"C"	NA	NA	1.3	NA	20140627	6	5	43	16.4	13.5
35421	NA	"LUEHSE"	598	NA	"B"	"C"	NA	NA	5.7	NA	20140627	6	5	43	15.5	10.3
35422	NA	"MACRGL"	298	330	""	""	NA	1	1.3	1.3	20140627	6	5	41	18.3	0.2
35423	NA	"GUSTSU"	221	234	""	""	NA	1	1.3	1.3	20140627	6	6	11	0.2	1.8
35424	NA	"ALSEBL"	220	265	""	""	NA	1	1.3	1.3	20140627	6	6	11	3.8	1.1
35425	NA	"VIROSU"	560	NA	""	"N"	NA	NA	1.3	NA	20140627	6	6	13	3.2	11.2
35426	NA	"TET2PA"	274	364	""	""	NA	1	1.3	1.3	20140627	6	6	33	14.9	10.8
35427	NA	"ANACEX"	684	729	""	""	NA	1	1.3	1.3	20140627	6	6	34	11	19.8
35428	NA	"TERMAM"	515	NA	""	"C"	NA	NA	1.3	NA	20140627	6	6	43	16.1	10.1
35430	NA	"CHR2CA"	524	432	""	""	NA	2	1.3	4.1	20140627	6	7	23	6	14.9
35431	NA	"MACRGL"	272	294	"M"	""	NA	2	1.3	1.3	20140627	6	7	33	12	11.7
35433	NA	"MACRGL"	245	285	""	""	NA	1	1.3	1.3	20140627	6	7	43	15.1	12
35434	NA	"HYERAL"	597	625	""	""	NA	2	1.3	1.3	20140627	6	7	43	18.2	11.2
35437	NA	"SCH1ZO"	349	355	""	""	NA	1	1.3	1.3	20140627	6	8	42	19	8
35438	NA	"POUTRE"	322	342	"M"	""	NA	2	1.3	1.3	20140627	6	9	12	3	7.6
35440	NA	"ALSEBL"	210	262	""	""	NA	1	1.3	1.3	20140627	6	9	33	11.8	10.2
35441	NA	"CORDBI"	311	318	"M"	""	NA	2	1.3	1.3	20140627	6	9	43	19.8	12
35442	NA	"TRI2TU"	230	272	""	""	NA	1	1.3	1.3	20140627	6	9	42	19.9	9.2
35443	NA	"ORMOAM"	277	275	""	""	NA	1	1.3	1.3	20140627	6	10	22	7	8.6
35444	NA	"VIROSE"	281	290	""	""	NA	1	1.3	1.3	20140627	6	10	22	7	6.8
35445	NA	"PROTTE"	231	232	""	""	NA	1	1.3	1.3	20140627	6	10	21	5.2	4.9
35446	NA	"ALSEBL"	228	240	"Q"	""	NA	1	1.3	1.3	20140627	6	10	32	11.5	5.5
35447	NA	"TRI2TU"	219	255	""	""	NA	1	1.3	1.3	20140627	6	10	32	14.7	9.9
35450	NA	"SPONRA"	422	425	""	""	NA	1	1.3	1.3	20140627	6	10	34	12.2	15.1
35451	NA	"VIROSE"	298	NA	""	"N"	NA	NA	1.3	NA	20140627	6	10	44	18	17.7
35452	NA	"JAC1CO"	829	NA	""	"N"	NA	NA	1.3	NA	20140627	6	10	42	18	9
35453	NA	"SCH1ZO"	378	380	""	""	NA	1	1.3	1.3	20140627	6	10	41	18.3	2
35454	NA	"CASESY"	204	NA	"L"	"N"	NA	NA	1.3	NA	20140627	6	10	14	1	17.5
35455	NA	"HYERAL"	601	647	""	""	NA	1	1.3	3.6	20140627	6	11	11	2.3	3
35456	NA	"CASEAR"	306	NA	""	"N"	NA	NA	1.3	NA	20140627	6	11	23	6	14.8
35457	NA	"HYERAL"	395	NA	""	"S"	NA	NA	1.3	NA	20140627	6	11	22	9	7.7
35458	NA	"HYERAL"	856	NA	"B"	"C"	NA	NA	2.8	NA	20140627	6	11	31	14.9	1.4
35459	NA	"VIROSE"	379	NA	""	"C"	NA	NA	1.3	NA	20140627	6	11	42	17.8	5.1
35461	NA	"CEIBPE"	1025	1100	"B"	""	NA	1	2.96	2.96	20140627	6	12	11	4.9	4.9
35462	NA	"APEIME"	583	474	""	""	NA	1	1.3	405	20140627	6	12	32	14.9	8.9
35463	NA	"INGAFA"	252	274	""	""	NA	1	1.3	1.3	20140627	6	12	43	18.8	10.3
35464	NA	"HYERAL"	552	570	""	""	NA	1	1.3	1.3	20140627	6	12	41	19	1
35465	NA	"ALSEBL"	255	328	""	""	NA	1	1.3	1.3	20140627	6	13	24	8.6	18.7
35466	NA	"SCH1ZO"	398	396	""	""	NA	1	1.3	1.3	20140627	6	13	21	8.2	0.7
35467	NA	"MICOAR"	213	NA	""	"S"	NA	NA	1.3	NA	20140627	6	13	31	14.7	0.2
35468	NA	"EUGEOE"	275	NA	""	"C"	NA	NA	1.3	NA	20140627	6	13	33	11	10.3
35469	NA	"ANACEX"	1250	1285	"B"	""	NA	1	3.04	3.04	20140627	6	14	12	3	5.7
35470	NA	"TRI2TU"	218	242	""	""	NA	1	1.3	1.3	20140627	6	14	13	1.8	11
35471	NA	"MACRGL"	216	NA	""	"S"	NA	NA	1.3	NA	20140627	6	14	13	4.9	14.7
35472	NA	"TRI2TU"	217	239	""	""	NA	1	1.3	1.3	20140627	6	14	14	0.1	19
35473	NA	"SPONRA"	326	NA	""	"N"	NA	NA	1.3	NA	20140627	6	14	22	9.3	5.1
35474	NA	"INGAFA"	559	517	""	""	NA	1	1.3	3.15	20140627	6	14	31	11	1.1
35475	NA	"HIRTTR"	280	320	"M"	""	NA	2	1.3	1.3	20140627	6	14	32	12	8
35478	NA	"MACRGL"	281	295	"M"	""	NA	2	1.3	1.3	20140627	6	14	43	15.6	14.8
35480	NA	"VIROSU"	399	448	""	""	NA	1	1.3	1.3	20140627	6	14	42	19.6	5.1
35481	NA	"HEISCO"	238	265	""	""	NA	1	1.3	1.3	20140627	7	0	23	5.3	14.3
35482	NA	"UNK?"	664	NA	"B"	"S"	NA	NA	3.09	NA	20140627	7	0	22	6.8	5.7
35483	NA	"LUEHSE"	825	834	"B"	""	NA	1	3.9	3.9	20140627	7	0	23	9.9	13.6
35484	NA	"LUEHSE"	344	NA	""	"N"	NA	NA	1.3	NA	20140627	7	0	32	11	5.5
35485	NA	"VIROSU"	811	891	""	""	NA	1	1.3	1.3	20140627	7	0	32	12.3	6
35487	NA	"QUARPT"	0	303	"M"	""	NA	12	1.3	1.3	20140627	7	0	41	18	0.6
35488	NA	"ANDIIN"	250	NA	"Q"	"N"	NA	NA	1.3	NA	20140627	7	1	12	2	7
35489	NA	"MACRGL"	281	315	""	""	NA	1	1.3	1.3	20140627	7	1	14	4.9	18.1
35490	NA	"MACRGL"	381	420	"M"	""	NA	4	1.3	1.3	20140627	7	1	24	9	15
35492	NA	"OCOTWH"	346	493	"M"	""	NA	9	1.3	1.3	20140627	7	1	21	7.8	0.4
35493	NA	"SPONRA"	319	375	""	""	NA	1	1.3	1.3	20140627	7	2	11	4.9	4.6
35494	NA	"GUARGU"	255	269	""	""	NA	1	1.3	1.3	20140627	7	2	23	6	11.6
35495	NA	"MACRGL"	252	304	"M"	""	NA	2	1.3	1.3	20140627	7	2	43	15.8	10.1
35496	NA	"MACRGL"	306	352	""	""	NA	1	1.3	1.3	20140627	7	3	11	3.2	4.9
35497	NA	"JAC1CO"	560	NA	"Q"	"N"	NA	NA	1.3	NA	20140627	7	3	23	7	12.3
35498	NA	"MACRGL"	215	NA	"M"	"C"	NA	NA	1.3	NA	20140627	7	3	21	6.2	0.2
35500	NA	"MACRGL"	293	345	""	""	NA	3	1.3	1.3	20140627	7	3	31	12.2	0.4
35843	NA	"TET2PA"	417	453	""	""	NA	1	1.3	1.3	20140625	2	0	14	3	19
35844	NA	"TET2PA"	322	349	""	""	NA	1	1.3	1.3	20140625	2	0	24	9.6	16.3
35845	NA	"UNK?"	309	313	""	""	NA	1	1.3	3.45	20140625	2	0	23	8.5	10.2
35846	NA	"QUARAS"	383	353	""	""	NA	1	1.3	3.72	20140625	2	0	44	19.7	17.4
35847	NA	"HURACR"	1687	1449	"B"	""	NA	1	3.75	6.05	20140625	2	0	41	17	3
35848	NA	"HEISCO"	218	218	""	""	NA	1	1.3	1.3	20140625	2	1	13	2	13.8
35849	NA	"ALSEBL"	341	339	"BQ"	"Q"	NA	1	3.55	3.55	20140625	2	1	23	9	12.4
35850	NA	"HEISCO"	245	248	""	""	NA	1	1.3	1.3	20140625	2	1	41	17.7	3.7
35851	NA	"LICAPL"	500	504	"B"	""	NA	1	3.57	3.57	20140625	2	2	23	8	13.2
35852	NA	"SCH1ZO"	413	418	""	""	NA	1	1.3	1.3	20140625	2	2	21	8.8	0.4
35853	NA	"ALSEBL"	229	NA	""	"N"	NA	NA	1.3	NA	20140625	2	3	12	2.2	7.2
35854	NA	"AST2GR"	308	338	""	""	NA	1	1.3	1.3	20140625	2	3	22	8	7
35855	NA	"HEISCO"	217	220	""	""	NA	1	1.3	1.3	20140625	2	3	33	11	13.5
35856	NA	"TERMAM"	256	NA	""	"C"	NA	NA	1.3	NA	20140625	2	3	44	17	19
35857	NA	"VIROSE"	311	NA	""	"C"	NA	NA	1.3	NA	20140625	2	3	43	16	10.3
35858	NA	"CAVAPL"	888	NA	""	"C"	NA	NA	1.3	NA	20140625	2	3	43	17	11
35859	NA	"MAYTSC"	365	375	""	""	NA	1	1.3	2.45	20140625	2	3	41	19	3
35861	NA	"DRYPST"	0	441	"M"	""	NA	2	1.3	1.3	20140625	2	4	32	11	8.6
35862	NA	"MACRGL"	0	283	"M"	""	NA	1	1.3	1.3	20140625	2	4	34	11	17.2
35863	NA	"PROTTE"	290	325	"B"	""	NA	1	3.4	3.4	20140625	2	5	13	2.3	12.5
35864	NA	"PTERRO"	229	NA	""	"C"	NA	NA	1.3	NA	20140625	2	5	14	3.5	18
35865	NA	"ALSEBL"	411	428	""	""	NA	2	1.3	1.3	20140625	2	5	21	8	3.8
35866	NA	"GUATDU"	238	365	""	""	NA	1	1.3	1.3	20140625	2	5	21	8	0.4
35867	NA	"HEISCO"	263	275	""	""	NA	1	1.3	1.3	20140625	2	5	32	11	8
35868	NA	"PROTTE"	418	420	"B"	""	NA	1	3.5	3.5	20140625	2	5	44	18	17.2
35869	NA	"TERMAM"	256	NA	"Q"	"C"	NA	NA	1.3	NA	20140625	2	5	41	17.7	1
35870	NA	"UNK?"	381	415	""	""	NA	1	1.3	1.3	20140625	2	6	14	3	17
35871	NA	"VIROSU"	537	572	"B"	""	NA	1	3.16	3.16	20140625	2	6	24	8	18.5
35872	NA	"QUARPT"	258	267	"M"	""	NA	7	1.3	1.3	20140625	2	6	23	8	13
35873	NA	"PROTTE"	345	343	"B"	""	NA	1	1.84	2.84	20140625	2	6	33	12	10.3
35874	NA	"QUARPT"	303	333	"M"	""	NA	15	1.3	1.3	20140625	2	7	23	7	11.4
35875	NA	"ANACEX"	892	920	""	""	NA	1	1.3	1.3	20140625	2	7	22	8	8
35876	NA	"BEILPE"	412	435	"BM"	""	NA	2	3.2	3.2	20140625	2	7	32	12	7.5
35877	NA	"TRI2TU"	344	256	""	""	NA	1	1.3	1.3	20140625	2	8	11	4	0.5
35878	NA	"BEILPE"	485	NA	""	"C"	NA	NA	1.3	NA	20140625	2	8	13	0.4	11.5
35879	NA	"TRATAS"	729	737	""	""	NA	1	1.3	1.3	20140625	2	8	21	9.2	3
35880	NA	"PROTTE"	339	360	""	""	NA	1	1.3	1.3	20140625	2	8	33	14	10.2
35881	NA	"BEILPE"	269	275	""	""	NA	1	1.3	1.3	20140625	2	8	44	19.8	19.8
35882	NA	"ANACEX"	1290	1315	""	""	NA	1	1.3	1.3	20140625	2	9	21	7	2.5
35883	NA	"CASSEL"	222	229	""	""	NA	1	1.3	1.3	20140625	2	9	22	8	8
35884	NA	"TET2PA"	272	295	""	""	NA	1	1.3	1.3	20140625	2	9	31	10.7	0.6
35885	NA	"PLA2EL"	545	558	"B"	""	NA	1	3.58	3.58	20140625	2	9	31	11.3	2.2
35888	NA	"VIROSU"	590	655	"B"	""	NA	1	3.1	3.1	20140625	2	9	43	19	14
35890	NA	"PROTTE"	230	273	""	""	NA	1	1.3	1.3	20140625	2	10	12	2	9.6
35891	NA	"PHOECI"	205	283	""	"Q"	NA	5	1.3	1.3	20140625	2	10	23	9	12
35892	NA	"TET4JO"	512	519	"BM"	""	NA	2	3.2	3.2	20140625	2	10	23	9.2	11.3
35894	NA	"ALSEBL"	356	377	""	""	NA	1	1.3	3.9	20140625	2	10	43	18	12.2
35895	NA	"JAC1CO"	350	404	""	""	NA	1	1.3	1.3	20140625	2	10	43	16.8	11.5
35896	NA	"HYERAL"	429	457	"B"	""	NA	1	3.9	3.9	20140625	2	10	42	18	8.5
35897	NA	"ALSEBL"	297	317	""	""	NA	1	1.3	1.3	20140625	2	10	41	19.7	2
35898	NA	"LUEHSE"	634	NA	"B/M"	"C"	NA	NA	3.95	NA	20140625	2	11	13	1	10.3
35900	NA	"PROTTE"	364	426	""	""	NA	1	1.3	1.3	20140625	2	11	21	9.8	3
35901	NA	"SPONRA"	512	526	""	""	NA	1	1.3	1.3	20140625	2	11	31	12	2
35903	NA	"APEIME"	794	810	"B"	""	NA	1	3.58	3.58	20140625	2	12	23	8	11
35904	NA	"LUEHSE"	379	380	"B"	""	NA	1	3.11	3.11	20140625	2	12	31	10.4	2.6
35905	NA	"EUGENE"	256	300	""	""	NA	1	1.3	1.3	20140625	2	12	42	16.7	8.5
35906	NA	"EUGENE"	213	224	""	""	NA	1	1.3	1.3	20140625	2	12	42	19.6	7.3
35907	NA	"ANACEX"	450	580	""	""	NA	1	1.3	1.3	20140625	2	13	14	1	18
35908	NA	"HYERAL"	429	448	"B"	""	NA	1	3.25	3.25	20140625	2	13	23	7	11.2
35909	NA	"PSE1SE"	875	NA	""	"C"	NA	NA	1.3	NA	20140625	2	13	22	7	7.6
35910	NA	"APEIME"	402	432	"B"	""	NA	1	3	3	20140625	2	13	43	18	13
35911	NA	"MACRGL"	287	309	"M"	""	NA	2	1.3	1.3	20140625	2	14	13	2	13
35912	NA	"LUEHSE"	639	NA	"B"	"C"	NA	NA	3.9	NA	20140625	2	14	23	9.2	12.4
35913	NA	"ANACEX"	455	506	""	""	NA	1	1.3	1.3	20140625	2	14	23	6	11
35914	NA	"TET2PA"	292	328	""	""	NA	1	1.3	1.3	20140625	2	14	21	9.2	0.3
35915	NA	"APEIME"	612	578	""	""	NA	1	1.3	3.5	20140625	2	14	33	10.8	10.3
35916	NA	"BROSAL"	575	NA	"B"	"C"	NA	NA	4.6	NA	20140625	2	14	44	16.8	15.4
35917	NA	"SCH1ZO"	313	313	""	""	NA	1	1.3	1.3	20140625	2	14	43	16.8	12.3
35918	NA	"MACRGL"	294	360	""	""	NA	1	1.3	1.3	20140626	3	14	23	8.7	14
35919	NA	"SYMPGL"	325	375	""	""	NA	1	1.3	1.3	20140626	3	14	22	8	7
35920	NA	"PLA1PI"	540	NA	""	"C"	NA	NA	1.3	NA	20140626	3	14	31	11	0.6
35921	NA	"GUARGU"	203	255	""	""	NA	1	1.3	1.3	20140626	3	14	31	12.3	3.6
35922	NA	"VIROSU"	490	570	"B"	""	NA	1	3.1	3.1	20140626	3	14	42	18	8
35924	NA	"GUATDU"	413	NA	""	"N"	NA	NA	1.3	NA	20140626	3	13	22	6.7	8.6
35925	NA	"TRI2TU"	252	319	""	""	NA	1	1.3	1.3	20140626	3	13	34	12	17
35926	NA	"VIROSU"	439	485	""	""	NA	1	1.3	1.3	20140626	3	13	44	18	19.2
35927	NA	"GUAPST"	309	380	""	""	NA	1	1.3	1.3	20140626	3	12	11	1.3	3
35928	NA	"PTERRO"	323	NA	"B"	"C"	NA	NA	3.23	NA	20140626	3	12	13	1.2	13.5
35929	NA	"INGAFA"	391	460	""	""	NA	1	1.3	1.3	20140626	3	12	14	2.2	18.8
35931	NA	"INGAFA"	297	309	""	""	NA	1	1.3	1.3	20140626	3	12	21	9.5	1.3
35932	NA	"GUATDU"	308	415	""	""	NA	1	1.3	1.3	20140626	3	12	44	17.8	17.2
35933	NA	"VIROSE"	271	285	""	""	NA	1	1.3	1.3	20140626	3	12	42	18	6
35934	NA	"GUATDU"	440	470	""	""	NA	1	1.3	1.3	20140626	3	12	41	18	0.7
35935	NA	"HEISCO"	252	255	""	""	NA	1	1.3	1.3	20140626	3	11	14	1.2	17
35936	NA	"SCH1ZO"	390	NA	""	"C"	NA	NA	1.3	NA	20140626	3	11	24	9	17
35937	NA	"VOCHFE"	473	NA	""	"C"	NA	NA	1.3	NA	20140626	3	11	43	19	12
35938	NA	"SPONRA"	345	347	""	""	NA	1	1.3	1.3	20140626	3	11	42	18.6	9.9
35939	NA	"BEILPE"	249	263	""	""	NA	1	1.3	1.3	20140626	3	10	13	1.2	12
35940	NA	"VIROSU"	330	NA	""	"C"	NA	NA	1.3	NA	20140626	3	10	24	8.9	18
35941	NA	"VOCHFE"	714	NA	""	"C"	NA	NA	1.3	NA	20140626	3	10	31	10.2	0.6
35942	NA	"APEIME"	617	649	"B"	""	NA	1	3.64	3.64	20140626	3	10	34	10.2	16.4
35943	NA	"HYERAL"	438	466	""	""	NA	1	1.3	1.3	20140626	3	10	42	19.1	8
35944	NA	"AST2GR"	230	250	""	""	NA	1	1.3	1.3	20140626	3	9	13	0.2	10.2
35945	NA	"DIPTPA"	450	457	""	""	NA	1	1.3	3.45	20140626	3	9	22	7	7
35948	NA	"BEILPE"	255	292	""	""	NA	1	1.3	1.3	20140626	3	8	12	2.1	8
35950	NA	"DIPTPA"	1017	1007	"B"	""	NA	1	4	5.2	20140626	3	8	32	12	6.3
35951	NA	"INGAFA"	277	NA	""	"S"	NA	NA	1.3	NA	20140626	3	8	32	11	8
35953	NA	"VIROSE"	277	308	""	""	NA	1	1.3	1.3	20140626	3	8	34	13	18
35954	NA	"PIT1MA"	499	548	""	""	NA	1	1.3	1.3	20140626	3	8	42	17.6	8.5
35955	NA	"TET2PA"	378	NA	""	"N"	NA	NA	1.3	NA	20140625	2	8	11	2	0.3
35956	NA	"EUGENE"	254	256	""	""	NA	1	1.3	1.3	20140626	3	7	12	0.4	7
35957	NA	"VIROSE"	276	NA	"Q"	"C"	NA	NA	1.3	NA	20140626	3	7	23	8.8	11
35958	NA	"DIPTPA"	525	615	"B"	""	NA	1	3.32	3.32	20140626	3	7	31	10.3	0.4
35960	NA	"STERAP"	560	625	"B"	""	NA	1	2.68	2.68	20140626	3	7	41	19.5	4
35961	NA	"EUGECO"	242	NA	""	"S"	NA	NA	1.3	NA	20140626	3	6	11	3.5	2.6
35962	NA	"PROTTE"	450	460	""	""	NA	1	1.3	3.17	20140626	3	6	22	7.5	9
35963	NA	"ANACEX"	713	750	""	""	NA	1	1.3	1.3	20140626	3	6	31	11.2	3
35964	NA	"TET2PA"	377	NA	""	"S"	NA	NA	1.3	NA	20140626	3	6	32	11.2	7.7
35966	NA	"CASEAR"	280	NA	""	"C"	NA	NA	1.3	NA	20140626	3	5	24	8	17.3
35967	NA	"LUEHSE"	261	315	"B"	""	NA	1	4.45	4.45	20140626	3	5	34	11.2	19
35968	NA	"LUEHSE"	466	NA	"B/M"	"N"	NA	NA	3.35	NA	20140626	3	5	42	17.7	9.6
35969	NA	"ALSEBL"	347	390	""	""	NA	1	1.3	1.3	20140626	3	5	42	17	7
35970	NA	"VIROSU"	520	550	"B"	""	NA	1	1.65	1.65	20140626	3	5	41	19.6	1.3
35971	NA	"TROPRA"	249	253	""	""	NA	1	1.3	1.3	20140626	3	4	13	3	10.2
35972	NA	"PLA2EL"	586	605	"B"	""	NA	1	3.3	3.3	20140626	3	4	13	3	12
35973	NA	"VIROSU"	580	603	"B"	""	NA	1	3.4	3.4	20140626	3	4	14	3	17.6
35974	NA	"CALOLO"	274	283	"M"	""	NA	2	1.3	1.3	20140626	3	4	21	9.2	4
35975	NA	"ANACEX"	451	530	""	""	NA	1	1.3	1.3	20140626	3	4	32	10.1	9.7
35976	NA	"LONCLA"	288	300	""	""	NA	1	1.3	1.3	20140626	3	4	33	13	10.3
35977	NA	"PROTTE"	397	413	"B"	""	NA	1	1.77	1.77	20140626	3	4	33	12.5	14
35992	NA	"TRATAS"	361	364	""	""	NA	1	1.3	1.3	20140626	3	3	14	3.2	17.7
35994	NA	"ANACEX"	1055	1070	""	""	NA	1	1.3	1.3	20140626	3	3	21	7	0.3
35995	NA	"VIROSU"	323	383	""	""	NA	1	1.3	1.3	20140626	3	3	33	11	14
35996	NA	"SPONRA"	517	560	""	""	NA	1	1.3	1.3	20140626	3	3	44	18.6	19.5
35997	NA	"ALSEBL"	206	208	""	""	NA	1	1.3	1.3	20140626	3	3	44	17.9	19.6
35998	NA	"PACHQU"	207	210	""	""	NA	1	1.3	1.3	20140626	3	3	44	18.6	18.4
35999	NA	"HEISCO"	393	410	""	""	NA	1	1.3	1.3	20140626	3	3	42	18.2	9.2
36000	NA	"GUARGU"	240	245	""	""	NA	2	1.3	1.3	20140626	3	3	41	18	2
36207	NA	"TET2PA"	473	491	""	""	NA	1	1.3	1.3	20140625	1	0	23	9	14.7
36208	NA	"ANACEX"	1361	1440	""	""	NA	1	1.3	1.3	20140625	1	0	21	8	0.2
36209	NA	"TRI2TU"	297	330	""	""	NA	1	1.3	1.3	20140625	1	0	41	15	2.1
36210	NA	"QUARAS"	239	295	""	""	NA	1	1.3	1.3	20140625	1	1	21	5	1.5
36211	NA	"ANACEX"	2320	2400	""	""	NA	1	1.3	1.3	20140625	1	1	12	2	5
36212	NA	"HEISCO"	266	280	""	""	NA	1	1.3	1.3	20140625	1	1	12	3	6
36213	NA	"QUARPT"	357	393	"M"	""	NA	2	1.3	1.3	20140625	1	1	42	15	5
36214	NA	"TRI2TU"	337	NA	""	"S"	NA	NA	1.3	NA	20140625	1	1	32	11	8
36215	NA	"TET2PA"	204	207	""	""	NA	1	1.3	1.3	20140625	1	2	21	5	1.4
36216	NA	"SPONRA"	302	315	""	""	NA	1	1.3	1.3	20140625	1	2	12	1	7
36217	NA	"GUSTSU"	282	282	""	""	NA	1	1.3	1.3	20140625	1	2	21	7	4.6
36218	NA	"POUTRE"	290	364	""	""	NA	1	1.3	1.3	20140625	1	2	21	5.3	2
36219	NA	"CECRPE"	230	NA	""	"S"	NA	NA	1.3	NA	20140625	1	2	32	12.8	5.5
36220	NA	"GUARGU"	219	241	""	""	NA	1	1.3	1.3	20140625	1	2	41	18	3.4
36221	NA	"DIPTPA"	620	616	""	""	NA	1	1.3	1.3	20140625	1	3	14	4.7	16.6
36222	NA	"GUAPST"	223	331	""	""	NA	1	1.3	1.3	20140625	1	3	14	3	19
36223	NA	"GUAZUL"	373	380	""	""	NA	1	1.3	1.3	20140625	1	3	24	9.9	15
36224	NA	"ANACEX"	780	818	""	""	NA	1	1.3	1.3	20140625	1	3	23	7	12
36225	NA	"ANACEX"	372	450	""	""	NA	1	1.3	1.3	20140625	1	3	23	8	11
36226	NA	"ANACEX"	715	830	""	""	NA	1	1.3	1.3	20140625	1	3	21	5.4	3
36227	NA	"ANACEX"	643	NA	""	"N"	NA	NA	1.3	NA	20140625	1	3	32	14.9	7.5
36228	NA	"TET2PA"	262	277	""	""	NA	1	1.3	1.3	20140625	1	3	33	13	11.7
36229	NA	"SPONRA"	387	423	""	""	NA	1	1.3	1.3	20140625	1	4	11	0.2	3.4
36230	NA	"PROTTE"	205	208	""	""	NA	1	1.3	1.3	20140625	1	4	13	0.8	14.8
36231	NA	"SPONRA"	346	395	""	""	NA	1	1.3	1.3	20140625	1	4	24	6	18.4
36232	NA	"TET2PA"	302	302	""	""	NA	1	1.3	1.3	20140625	1	4	21	9	4.9
36233	NA	"QUARPT"	323	344	"M"	""	NA	2	1.3	1.3	20140625	1	4	32	11	7
36234	NA	"ALSEBL"	218	NA	"Q"	"C"	NA	NA	1.3	NA	20140625	1	4	34	14.4	15
36235	NA	"HEISCO"	203	206	""	""	NA	1	1.3	1.3	20140625	1	4	34	14	16
36236	NA	"HYERAL"	221	357	""	""	NA	1	1.3	1.3	20140625	1	4	44	17	15.4
36237	NA	"HEISCO"	286	330	""	""	NA	1	1.3	1.3	20140625	1	5	12	1	7
36238	NA	"PLA2EL"	670	725	"B"	""	NA	1	3.68	3.68	20140625	1	5	33	12	14.8
36239	NA	"INGAFA"	288	NA	""	"C"	NA	NA	1.3	NA	20140625	1	5	34	10.5	16.5
36240	NA	"HEISCO"	288	308	""	""	NA	1	1.3	1.3	20140625	1	5	42	18	6
36241	NA	"ANACEX"	644	679	""	""	NA	1	1.3	1.3	20140625	1	5	41	17.2	4.9
36242	NA	"TAB1RO"	242	249	""	""	NA	1	1.3	1.3	20140625	1	6	44	15.1	18
36243	NA	"HIRTTR"	235	244	""	""	NA	1	1.3	1.3	20140625	1	6	43	18	10.3
36244	NA	"SIMAAM"	203	220	""	""	NA	1	1.3	1.3	20140625	1	7	12	4.9	6.3
36245	NA	"CHR2AR"	277	282	""	""	NA	1	1.3	1.3	20140625	1	7	12	2	7
36246	NA	"BROSAL"	670	696	"B"	""	NA	1	3.7	4.2	20140625	1	7	23	9.3	14.8
36247	NA	"SPONRA"	436	460	""	""	NA	1	1.3	1.3	20140625	1	7	21	6.7	4
36248	NA	"CALICA?"	212	216	""	""	NA	2	1.3	1.3	20140625	1	7	34	14.9	15.1
36249	NA	"TRI2TU"	223	240	""	""	NA	1	1.3	1.3	20140625	1	7	44	18.7	17
36250	NA	"LICAPL"	634	644	"B"	""	NA	1	4.43	4.43	20140625	1	7	42	16	8
36251	NA	"HEISCO"	220	249	""	""	NA	1	1.3	1.3	20140625	1	8	24	5.1	17
36252	NA	"TET2PA"	306	331	""	""	NA	1	1.3	1.3	20140625	1	8	23	7	14
36253	NA	"QUARPT"	203	NA	"M"	"N"	NA	NA	1.3	NA	20140625	1	8	22	7	9.9
36254	NA	"ANACEX"	843	890	""	""	NA	1	1.3	1.3	20140625	1	8	22	5.2	8
36255	NA	"HEISCO"	206	273	""	""	NA	1	1.3	1.3	20140625	1	9	23	7	12
36256	NA	"LUEHSE"	560	558	"B"	""	NA	2	3.97	3.97	20140625	1	9	34	14	19.9
36257	NA	"SPONRA"	523	510	""	""	NA	1	1.3	1.3	20140625	1	10	14	4	19.9
36258	NA	"QUARPT"	453	477	"M"	""	NA	14	1.3	1.3	20140625	1	10	32	13.8	9.8
36260	NA	"INGAFA"	405	NA	"B"	"S"	NA	NA	2.29	NA	20140625	1	10	41	17	4.2
36261	NA	"CECRIN"	229	NA	""	"S"	NA	NA	1.3	NA	20140625	1	11	11	1	0.2
36263	NA	"CALOLO"	261	360	""	""	NA	1	1.3	1.3	20140625	1	11	34	13	16
36264	NA	"TAB2AR"	230	284	""	""	NA	1	1.3	1.3	20140625	1	11	44	15.1	18.5
36265	NA	"HYERAL"	629	649	""	""	NA	1	1.3	1.3	20140625	1	12	23	9	11
36266	NA	"CHR2AR"	285	269	""	""	NA	1	1.3	1.3	20140625	1	12	32	11	7.2
36267	NA	"INGAFA"	421	434	""	""	NA	1	1.3	1.3	20140625	1	12	44	15	19.5
36268	NA	"TERMAM"	755	756	"B"	""	NA	1	3.33	3.33	20140625	1	12	42	19.9	7.5
36270	NA	"BEILPE"	267	322	""	""	NA	1	1.3	1.3	20140625	1	13	13	1.3	14.4
36271	NA	"CALOLO"	222	NA	"M"	"C"	NA	NA	1.3	NA	20140625	1	13	14	4.2	17
36273	NA	"SPONRA"	279	NA	""	"N"	NA	NA	1.3	NA	20140625	1	13	44	15.1	17
36274	NA	"HYERAL"	529	570	""	""	NA	1	1.3	1.3	20140625	1	14	11	4.5	0.3
36275	NA	"DENDAR"	379	403	""	""	NA	1	1.3	1.3	20140625	1	14	12	4	5
36276	NA	"HYERAL"	566	664	""	""	NA	1	1.3	1.3	20140625	1	14	12	1	9
36277	NA	"TERMAM"	773	780	""	""	NA	1	1.3	1.3	20140625	1	14	23	9.9	10.8
36278	NA	"HYERAL"	600	655	""	""	NA	1	1.3	1.3	20140625	1	14	21	8	3
36279	NA	"SPONRA"	444	482	""	""	NA	1	1.3	1.3	20140625	1	14	32	10.6	9.4
36280	NA	"HYERAL"	415	432	"B"	""	NA	1	2.4	2.4	20140625	1	14	33	13	13.3
36282	NA	"MACRGL"	259	310	""	""	NA	1	1.3	1.3	20140625	0	14	34	10.2	17
36284	NA	"HIRTTR"	213	233	""	""	NA	1	1.3	1.3	20140625	0	14	44	16	19.9
36286	NA	"PLA2EL"	825	NA	"B"	"N"	NA	NA	3.15	NA	20140625	0	13	14	2	16
36287	NA	"HYERAL"	510	530	""	""	NA	1	1.3	1.3	20140625	0	13	34	11	16
36288	NA	"CASESY"	266	275	""	""	NA	1	1.3	1.3	20140625	0	13	34	14	18
36289	NA	"EUGECO"	242	NA	""	"C"	NA	NA	1.3	NA	20140625	0	12	23	8	11
36291	NA	"BEILPE"	440	NA	""	"C"	NA	NA	1.3	NA	20140625	0	12	43	19	13
36293	NA	"INGAFA"	437	NA	""	"C"	NA	NA	1.3	NA	20140625	0	11	14	3.8	17.8
36294	NA	"CORDBI"	203	209	""	""	NA	1	1.3	1.3	20140625	0	11	22	9.5	5
36295	NA	"SPONRA"	426	NA	""	"S"	NA	NA	1.3	NA	20140625	0	11	22	9	5
36296	NA	"CORDBI"	286	290	""	""	NA	1	1.3	1.3	20140625	0	11	31	12	0.6
36297	NA	"PROTTE"	316	385	""	""	NA	1	1.3	1.3	20140625	0	11	32	13	9.7
36298	NA	"ALSEBL"	306	336	""	""	NA	1	1.3	1.3	20140625	0	11	44	15.6	19.2
36299	NA	"HURACR"	799	8012	""	""	NA	1	1.3	1.3	20140625	0	11	42	19	7
36300	NA	"GUSTSU"	212	215	"Q"	""	NA	1	1.3	1.3	20140625	0	10	12	2	8
36301	NA	"PLA1PI"	245	255	""	"Q"	NA	1	1.3	1.3	20140625	0	10	14	3	17
36302	NA	"HEISCO"	207	239	""	""	NA	1	1.3	1.3	20140625	0	10	14	1	18
36303	NA	"ALSEBL"	253	251	""	""	NA	1	1.3	1.3	20140625	0	10	24	5	18
36304	NA	"LUEHSE"	385	NA	"B"	"S"	NA	NA	2.09	NA	20140625	0	10	22	5.8	5.7
36305	NA	"TAB2AR"	277	NA	""	"C"	NA	NA	1.3	NA	20140625	0	10	31	11	3.5
36306	NA	"SAPIAU"	524	578	""	""	NA	1	1.3	2.75	20140625	0	10	34	12	16
36307	NA	"SCH1ZO"	373	377	""	""	NA	1	1.3	1.3	20140626	4	14	12	3	5
36308	NA	"MACRGL"	225	242	""	""	NA	1	1.3	1.3	20140626	4	14	24	5	17
36309	NA	"PSE1SE"	940	982	""	""	NA	1	1.3	1.3	20140626	4	14	21	8.3	0.2
36310	NA	"TRI2TU"	217	250	""	""	NA	1	1.3	1.3	20140626	4	14	44	17	15.8
36311	NA	"MACRGL"	214	218	""	""	NA	1	1.3	1.3	20140626	4	14	42	19.7	5.2
36313	NA	"ANACEX"	653	767	""	""	NA	1	1.3	1.3	20140626	4	13	14	3.3	15
36314	NA	"EUGENE"	205	NA	""	"N"	NA	NA	1.3	NA	20140626	4	13	22	8	9
36315	NA	"SLOATE"	1177	1072	"B"	""	NA	1	3.75	5.75	20140626	4	13	31	10.5	3
36317	NA	"VOCHFE"	438	NA	""	"C"	NA	NA	1.3	NA	20140626	4	11	12	2	7
36318	NA	"SCH2MO"	371	425	""	""	NA	1	1.3	1.3	20140626	4	11	24	5	19.9
36319	NA	"TET2PA"	308	337	""	""	NA	1	1.3	1.3	20140626	4	11	24	5.3	15.4
36321	NA	"TET2PA"	299	NA	""	"C"	NA	NA	1.3	NA	20140626	4	11	42	17	7
36322	NA	"AST2GR"	398	392	"Q"	""	NA	1	1.3	1.3	20140626	4	10	14	2	15.6
36323	NA	"EUGENE"	213	0	""	"R"	NA	1	1.3	1.3	20140626	4	10	32	10.7	9
36324	NA	"TET2PA"	312	335	""	""	NA	1	1.3	1.3	20140626	4	10	44	15	19.3
36325	NA	"VOCHFE"	499	NA	""	"C"	NA	NA	1.3	NA	20140626	4	10	44	19.9	16.6
36326	NA	"SCH1ZO"	255	NA	""	"C"	NA	NA	1.3	NA	20140626	4	10	41	19.9	4.7
36327	NA	"UNK?"	431	NA	"Q"	"S"	NA	NA	1.3	NA	20140626	4	9	42	15	9.9
36328	NA	"VIROSE"	217	226	""	""	NA	1	1.3	1.3	20140626	4	8	23	8	14.2
36329	NA	"TET2PA"	266	290	""	""	NA	1	1.3	1.3	20140626	4	8	23	9.8	12
36331	NA	"SPONRA"	407	432	""	""	NA	1	1.3	1.3	20140626	4	8	33	14.8	12
36332	NA	"PROTPA"	237	292	""	""	NA	1	1.3	1.3	20140626	4	8	44	19.8	17
36333	NA	"HIRTAM"	322	293	"M"	""	NA	2	1.3	1.3	20140626	4	8	43	16	10.6
36334	NA	"SCH1ZO"	328	NA	""	"C"	NA	NA	1.3	NA	20140626	4	8	41	18	4
36335	NA	"TRI2TU"	261	306	""	""	NA	1	1.3	1.3	20140626	4	7	22	8.8	5
36336	NA	"PLA1PI"	234	237	""	""	NA	1	1.3	1.3	20140626	4	7	32	14	6
36337	NA	"ALSEBL"	0	398	"M"	""	NA	2	1.3	1.3	20140626	4	7	33	13	10.6
36338	NA	"SAPIAU"	465	NA	""	"C"	NA	NA	1.3	NA	20140626	4	7	33	10.2	14.2
36339	NA	"APEIME"	590	NA	"B"	"C"	NA	NA	4.3	NA	20140626	4	7	34	10.5	15
36340	NA	"PLA2EL"	550	592	"B"	""	NA	1	3.8	3.8	20140626	4	7	34	12	17
36341	NA	"FICUSP"	350	374	"B"	""	NA	1	3.45	3.45	20140626	4	7	44	15	19
36342	NA	"EUGENE"	201	239	""	""	NA	1	1.3	1.3	20140626	4	7	42	17	9
36343	NA	"ANACEX"	721	736	""	""	NA	1	1.3	1.3	20140626	4	6	21	5	1.5
36344	NA	"SCH1ZO"	316	321	""	""	NA	1	1.3	1.3	20140626	4	6	22	5	5
36345	NA	"PROTTE"	270	297	""	""	NA	1	1.3	1.3	20140626	4	6	13	0.4	10.2
36346	NA	"PIT1RU"	350	358	""	"Q"	NA	1	1.3	1.3	20140626	4	6	23	9	14
36347	NA	"PLA2EL"	603	611	"B"	""	NA	1	3.94	3.94	20140626	4	6	21	7	3
36348	NA	"UNK?"	221	NA	""	"N"	NA	NA	1.3	NA	20140626	4	6	31	11	3
36349	NA	"ALSEBL"	289	298	""	""	NA	1	1.3	1.3	20140626	4	6	32	11	5
36350	NA	"PLA2EL"	840	881	"B"	""	NA	1	3.17	3.17	20140626	4	6	44	15	17
36351	NA	"SCH1ZO"	283	284	""	""	NA	1	1.3	1.3	20140626	4	6	42	19.9	6.2
36353	NA	"PROTTE"	212	215	""	""	NA	1	1.3	1.3	20140626	4	5	14	2	18
36354	NA	"TRI2TU"	211	219	""	""	NA	1	1.3	1.3	20140626	4	5	24	8	18.8
36355	NA	"PIT1MA"	817	974	""	""	NA	1	1.3	1.3	20140626	4	5	33	10	14.7
36356	NA	"PROTTE"	242	253	""	""	NA	1	1.3	1.3	20140626	4	5	21	8	3.2
36357	NA	"TRI2TU"	267	NA	""	"S"	NA	NA	1.3	NA	20140626	4	5	31	13	0.3
36358	NA	"TRI2TU"	208	246	""	""	NA	1	1.3	1.3	20140626	4	5	34	13	19.4
36359	NA	"GUSTSU"	301	824	"M"	""	NA	2	1.3	1.3	20140626	4	5	44	17	17
36360	NA	"XYL1MA"	204	212	""	""	NA	1	1.3	1.3	20140626	4	5	43	19.7	10.4
36361	NA	"PROTTE"	247	297	""	""	NA	1	1.3	1.3	20140626	4	5	43	15	10
36362	NA	"PROTTE"	231	263	""	""	NA	1	1.3	1.3	20140626	4	4	12	4	9.2
36363	NA	"PROTTE"	206	249	""	""	NA	1	1.3	1.3	20140626	4	4	24	9	16
36364	NA	"LUEHSE"	914	NA	"B"	"C"	NA	NA	3.5	NA	20140626	4	4	23	9.5	13
36365	NA	"PROTTE"	330	418	""	""	NA	1	1.3	1.3	20140626	4	4	23	5.1	12.9
36366	NA	"TET2PA"	366	NA	""	"S"	NA	NA	1.3	NA	20140626	4	4	32	11	6
36367	NA	"ALSEBL"	246	308	""	""	NA	1	1.3	1.3	20140626	4	4	44	16	15
36368	NA	"SCH1ZO"	280	280	""	""	NA	1	1.3	1.3	20140626	4	4	42	19	7
36369	NA	"SPONRA"	363	NA	""	"N"	NA	NA	1.3	NA	20140626	4	3	14	2	16
36370	NA	"TET2PA"	402	422	""	""	NA	1	1.3	1.3	20140626	4	3	24	6	19.9
36371	NA	"DIPTPA"	575	610	"B"	""	NA	1	3.5	3.5	20140626	4	3	22	8	5
36373	NA	"GUSTSU"	203	206	""	""	NA	1	1.3	1.3	20140626	4	3	31	13	3.8
36375	NA	"PLA2EL"	238	NA	""	"S"	NA	NA	1.3	NA	20140626	4	2	31	10.3	4.8
36376	NA	"HEISCO"	295	325	""	""	NA	1	1.3	1.3	20140626	4	2	33	13.6	13
36377	NA	"HIRTTR"	226	240	""	""	NA	1	1.3	1.3	20140626	4	2	34	10.3	17
36378	NA	"GUAPST"	393	422	""	""	NA	1	1.3	1.3	20140626	4	2	34	14.6	18
36380	NA	"TET2PA"	458	464	""	""	NA	1	1.3	1.3	20140626	4	1	33	10	11.3
36381	NA	"PROTTE"	207	209	""	""	NA	1	1.3	1.3	20140626	4	1	22	5.7	6
36382	NA	"VIROSU"	247	269	""	""	NA	1	1.3	1.3	20140626	4	1	31	12.2	0.4
36383	NA	"TET2PA"	274	321	""	""	NA	1	1.3	1.3	20140626	4	1	41	16.6	3.4
36384	NA	"GUSTSU"	225	228	""	""	NA	1	1.3	1.3	20140626	4	0	11	0.6	4
36385	NA	"AST2GR"	525	557	""	""	NA	1	1.3	3.35	20140626	4	0	13	4	10
36386	NA	"GUSTSU"	248	251	""	""	NA	1	1.3	1.3	20140626	4	0	23	7	11
36387	NA	"TET2PA"	416	430	""	""	NA	1	1.3	1.3	20140626	4	0	21	5	0.1
36388	NA	"PROTTE"	268	285	""	""	NA	1	1.3	1.3	20140626	4	0	31	11	4
36389	NA	"TET2PA"	300	309	""	""	NA	1	1.3	1.3	20140626	4	0	44	15	15.5
36390	NA	"ALSEBL"	387	393	"B"	""	NA	1	3.5	3.5	20140626	4	0	43	19.9	13
36391	NA	"CELTSC"	218	361	""	""	NA	1	1.3	1.3	20140626	5	0	12	0.6	6
36392	NA	"PROTTE"	340	NA	""	"S"	NA	NA	1.3	NA	20140626	5	0	12	0.5	7
36393	NA	"LUEHSE"	254	NA	"B"	"C"	NA	NA	3.45	NA	20140626	5	0	22	8	7
36394	NA	"GUAPST"	445	497	"B"	""	NA	1	3.65	3.65	20140626	5	0	31	11	1
36395	NA	"TRATAS"	448	457	""	""	NA	1	1.3	1.3	20140626	5	0	43	19	12
36396	NA	"ASPICR"	692	770	""	""	NA	1	1.3	3.8	20140626	5	0	41	19.8	3
36397	NA	"JAC1CO"	559	575	""	""	NA	1	1.3	1.3	20140626	5	1	24	6	15
36398	NA	"TET2PA"	529	NA	""	"C"	NA	NA	1.3	NA	20140626	5	1	23	7	11.6
36399	NA	"APEITI"	330	NA	""	"C"	NA	NA	1.3	NA	20140626	5	1	22	7	8.5
36400	NA	"PIT1MA"	732	831	""	""	NA	1	1.3	1.3	20140626	5	1	32	13.5	5
36401	NA	"INGAFA"	295	328	""	""	NA	1	1.3	1.3	20140626	5	1	43	19.3	14.8
36402	NA	"TRATAS"	309	320	""	""	NA	1	1.3	1.3	20140626	5	1	43	19	12
36403	NA	"ORMOCR"	235	276	""	""	NA	1	1.3	1.3	20140626	5	2	12	3	7
36404	NA	"ALSEBL"	236	249	""	""	NA	1	1.3	1.3	20140626	5	2	13	0.6	13
36405	NA	"INGAFA"	425	468	""	""	NA	1	1.3	1.3	20140626	5	2	24	7	18
36406	NA	"SPONRA"	373	NA	""	"C"	NA	NA	1.3	NA	20140626	5	2	21	8	3
36407	NA	"HEISCO"	260	285	""	""	NA	1	1.3	1.3	20140626	5	2	41	18	3
36408	NA	"GUSTSU"	218	235	""	""	NA	1	1.3	1.3	20140626	5	3	23	9.2	13
36409	NA	"VIROSE"	203	211	""	""	NA	1	1.3	1.3	20140626	5	3	22	7	8.2
36410	NA	"ANACEX"	751	824	""	""	NA	1	1.3	1.3	20140626	5	3	22	9.9	7
36412	NA	"DRYPST"	336	385	""	""	NA	1	1.3	1.3	20140626	5	3	31	11	3.8
36413	NA	"SAPIAU"	558	528	"B"	""	NA	1	1.94	3.5	20140626	5	3	32	12	5
36414	NA	"VIROSE"	475	NA	""	"C"	NA	NA	1.3	NA	20140626	5	3	44	16	19.6
36415	NA	"SPONRA"	491	518	""	""	NA	1	1.3	1.3	20140626	5	4	11	1	3
36416	NA	"GUSTSU"	242	242	""	"P"	NA	1	1.3	1.3	20140626	5	4	12	3.2	8.5
36417	NA	"GUSTSU"	203	205	""	""	NA	1	1.3	1.3	20140626	5	4	14	1	17
36418	NA	"TAB1RO"	356	393	""	""	NA	1	1.3	3.85	20140626	5	4	33	14	10.8
36419	NA	"VIROSE"	397	NA	""	"C"	NA	NA	1.3	NA	20140626	5	4	44	19.4	15
36420	NA	"SPONMO"	595	598	""	""	NA	1	1.3	1.3	20140626	5	4	41	15.2	3.9
36421	NA	"LUEHSE"	375	377	""	""	NA	1	1.3	405	20140626	5	4	41	15.7	3.2
36422	NA	"LUEHSE"	410	413	"B"	""	NA	1	3.55	3.55	20140626	5	5	12	2	9
36423	NA	"STERAP"	979	965	"B"	""	NA	1	4.2	5.38	20140626	5	5	14	2	17
36424	NA	"ALSEBL"	232	277	""	""	NA	1	1.3	1.3	20140626	5	5	23	5.2	14.7
36425	NA	"TRI2TU"	255	310	""	""	NA	1	1.3	1.3	20140626	5	5	23	9	13
36426	NA	"PROTTE"	227	249	""	""	NA	1	1.3	1.3	20140626	5	5	22	9	5
36427	NA	"PLA2EL"	507	582	"B"	""	NA	1	3.8	3.8	20140626	5	5	21	8	2
36428	NA	"LUEHSE"	396	409	"B"	""	NA	1	3.5	3.5	20140626	5	5	32	13	7.8
36429	NA	"ALSEBL"	322	374	""	""	NA	1	1.3	1.3	20140626	5	5	42	18	5
36430	NA	"PROTTE"	270	270	""	""	NA	1	1.3	1.3	20140626	5	5	41	15	1
36431	NA	"ALSEBL"	265	320	""	""	NA	1	1.3	1.3	20140626	5	6	14	3	16.6
36432	NA	"PLA2EL"	523	571	"B"	""	NA	1	3.77	3.77	20140626	5	6	24	7	15
36434	NA	"HYERAL"	493	547	""	""	NA	1	1.3	1.3	20140626	5	6	22	8	8.2
36435	NA	"ALSEBL"	270	270	""	""	NA	1	1.3	1.3	20140626	5	6	22	8.5	7.5
36436	NA	"UNK?"	710	NA	""	"S"	NA	NA	1.3	NA	20140626	5	6	31	12	2
36437	NA	"ALSEBL"	313	329	""	""	NA	1	1.3	1.3	20140626	5	6	31	14	3
36438	NA	"HYERAL"	648	679	""	""	NA	1	1.3	1.3	20140626	5	6	44	19	19
36439	NA	"INGAFA"	359	NA	"Q"	"C"	NA	NA	1.3	NA	20140626	5	7	11	1	2
36440	NA	"TET2PA"	324	371	""	""	NA	1	1.3	1.3	20140626	5	7	31	12	0.2
36441	NA	"PROTTE"	280	321	""	""	NA	1	1.3	1.3	20140626	5	7	44	17.7	19
36442	NA	"SPONRA"	495	NA	""	"C"	NA	NA	1.3	NA	20140626	5	7	43	19	10
36443	NA	"PROTTE"	341	347	""	""	NA	1	1.3	3.85	20140626	5	7	42	16	9.9
36444	NA	"SCH1ZO"	391	391	""	""	NA	1	1.3	1.3	20140626	5	8	13	4.9	10.3
36445	NA	"PLA2EL"	589	604	"B"	""	NA	1	3.42	3.42	20140626	5	8	21	8	0.3
36446	NA	"SCH1ZO"	373	377	""	""	NA	1	1.3	1.3	20140626	5	8	32	12	6
36447	NA	"ENTESC"	315	NA	""	"S"	NA	NA	1.3	NA	20140626	5	9	12	2.5	9.8
36448	NA	"HYERAL"	580	664	""	""	NA	1	1.3	1.3	20140626	5	9	33	11	12
36449	NA	"ALSEBL"	334	390	""	""	NA	1	1.3	1.3	20140626	5	10	11	0.6	3
36450	NA	"HYERAL"	714	771	"B"	""	NA	1	3.6	3.6	20140626	5	10	14	0.5	15
36451	NA	"VIROSU"	296	310	""	""	NA	1	1.3	1.3	20140626	5	10	24	5	18.6
36453	NA	"TET2PA"	218	349	""	""	NA	1	1.3	1.3	20140626	5	10	33	11	12.5
36454	NA	"ALSEBL"	288	320	""	""	NA	1	1.3	1.3	20140626	5	11	13	0.6	12
36455	NA	"PLA2EL"	745	777	"B"	""	NA	3	3.5	3.5	20140626	5	11	13	2	14
36456	NA	"VIROSE"	220	237	""	""	NA	1	1.3	1.3	20140626	5	11	23	5	12.4
36457	NA	"SCH1ZO"	305	310	""	""	NA	1	1.3	1.3	20140626	5	11	32	12	5.6
36458	NA	"SPONRA"	351	363	""	""	NA	1	1.3	1.3	20140626	5	11	44	15.1	15.1
36459	NA	"VOCHFE"	483	NA	""	"S"	NA	NA	1.3	NA	20140626	5	11	42	19	8
36460	NA	"HYERAL"	537	549	""	""	NA	1	1.3	1.3	20140626	5	12	11	1	3
36461	NA	"SCH1ZO"	323	225	""	""	NA	1	1.3	1.3	20140626	5	12	12	0.7	8
36462	NA	"PROTTE"	221	NA	""	"S"	NA	NA	1.3	NA	20140626	5	12	12	4	9
36463	NA	"TET2PA"	333	364	""	""	NA	1	1.3	1.3	20140626	5	12	13	1	13
36464	NA	"NECTPU"	274	NA	""	"C"	NA	NA	1.3	NA	20140626	5	12	34	13	18
36465	NA	"SPONRA"	389	414	""	""	NA	1	1.3	1.3	20140626	5	12	42	19.8	9
36466	NA	"GUATDU"	312	380	""	""	NA	1	1.3	1.3	20140626	5	13	11	2.8	0.3
36467	NA	"SCH1ZO"	662	778	""	"P,ID"	NA	1	1.3	1.3	20140626	5	13	11	0.5	2.6
36468	NA	"TERMAM"	454	NA	"BQ"	"S"	NA	NA	3.79	NA	20140626	5	13	14	2.2	17
36469	NA	"MACRGL"	217	220	""	""	NA	1	1.3	1.3	20140626	5	13	33	10.5	14.1
36470	NA	"LUEHSE"	666	735	"B"	""	NA	1	3.69	3.69	20140626	5	13	32	11	9
36471	NA	"TET2PA"	232	250	""	""	NA	1	1.3	1.3	20140626	5	13	33	11.2	13
36472	NA	"TRI2TU"	233	239	""	""	NA	1	1.3	1.3	20140626	5	13	42	15.3	9.8
36473	NA	"JAC1CO"	774	830	""	""	NA	1	1.3	1.3	20140626	5	14	13	2.6	13
36474	NA	"CUPARU"	277	NA	""	"S"	NA	NA	1.3	NA	20140626	5	14	24	5	17.5
36475	NA	"HYERAL"	510	527	""	""	NA	1	1.3	1.8	20140626	5	14	24	9.7	19
36476	NA	"TRI2TU"	224	232	""	""	NA	1	1.3	1.3	20140626	5	14	23	7.6	14
36478	NA	"CASSEL"	257	277	""	""	NA	1	1.3	1.3	20140626	5	14	32	10.8	9
36479	NA	"HYERAL"	677	679	""	""	NA	1	1.3	1.3	20140626	5	14	34	14.5	15.7
36480	NA	"PROTTE"	204	217	""	""	NA	1	1.3	1.3	20140626	5	14	43	18	12
36482	NA	"APEIME"	356	411	""	""	NA	1	1.3	1.3	20140630	9	12	12	2	6
36483	NA	"TRI2TU"	252	288	""	""	NA	1	1.3	1.3	20140630	9	12	14	1.6	18
36484	NA	"TRI2TU"	205	243	""	""	NA	1	1.3	1.3	20140630	9	12	24	9.9	17.2
36485	NA	"PROTPA"	254	NA	""	"N"	NA	NA	1.3	NA	20140630	9	12	31	12	1
36486	NA	"TRI2TU"	235	258	""	""	NA	1	1.3	1.3	20140630	9	12	31	10.1	4.2
36488	NA	"SPONRA"	395	428	""	""	NA	1	1.3	1.3	20140630	9	12	32	13	8
36489	NA	"VIROSU"	382	438	""	""	NA	1	1.3	1.3	20140630	9	12	44	16.2	18.5
36490	NA	"ORMOAM"	292	300	"M"	""	NA	2	1.3	1.3	20140630	9	12	41	16	4
36491	NA	"VIROSU"	458	490	""	""	NA	1	1.3	1.3	20140630	9	12	41	16	2
36492	NA	"VIROSE"	204	223	""	"P"	NA	1	1.3	1.3	20140630	9	11	22	8.6	8
36494	NA	"MAQUCO"	200	209	""	""	NA	1	1.3	1.3	20140630	9	11	32	13	5
36495	NA	"TERMAM"	978	1018	"B"	""	NA	2	3.9	3.9	20140630	9	11	44	18	17
36496	NA	"SPONRA"	450	498	""	""	NA	1	1.3	1.3	20140630	9	11	41	19	4.2
36497	NA	"BEILPE"	222	222	""	"P"	NA	1	1.3	1.3	20140630	9	10	13	2	11
36498	NA	"HYERAL"	873	730	""	""	NA	1	1.3	3.35	20140630	9	10	24	8.8	15
36499	NA	"APEIME"	409	NA	"B"	"N"	NA	NA	3.27	NA	20140630	9	10	23	7	10
36506	NA	"ALSEBL"	NA	249	NA	"P,FC"	NA	1	NA	1.3	NA	2	13	21	9.8	1.1
36507	NA	"MACRGL"	NA	217	NA	"P,FC"	NA	3	NA	1.3	NA	2	14	21	4.8	7.5
36508	NA	"TRIPCU"	NA	209	NA	"P,FC"	NA	1	NA	1.3	NA	8	14	11	4.9	4.9
36902	NA	"APEIME"	408	NA	""	"N"	NA	NA	1.3	NA	20140627	7	3	34	11.7	17.2
36903	NA	"MACRGL"	312	345	""	""	NA	1	1.3	1.3	20140627	7	3	42	15.3	5.6
36904	NA	"ANACEX"	921	1017	""	""	NA	1	1.3	1.3	20140627	7	4	11	2	2.2
36905	NA	"HYERAL"	660	660	"B"	""	NA	1	2.97	2.97	20140627	7	4	12	1.8	5.1
36906	NA	"ANACEX"	1128	1320	""	""	NA	1	1.3	1.3	20140627	7	4	13	3	13.3
36907	NA	"APEIME"	289	305	""	""	NA	1	1.3	1.3	20140627	7	4	22	6.5	7.5
36908	NA	"VIROSU"	637	710	"B"	""	NA	1	3.15	3.15	20140627	7	4	32	10.3	7.6
36909	NA	"ALCHCO"	471	496	"M"	""	NA	3	1.3	1.3	20140627	7	4	34	11.4	15.1
36910	NA	"GUARGU"	218	225	""	""	NA	1	1.3	1.3	20140627	7	4	43	16.4	10.6
36911	NA	"HIRTAM"	210	215	""	""	NA	1	1.3	1.3	20140627	7	5	12	4.9	8.1
36912	NA	"TRI2TU"	411	382	""	""	NA	1	1.3	4	20140627	7	5	22	7.8	9
36913	NA	"SCH1ZO"	285	286	""	""	NA	1	1.3	1.3	20140627	7	5	22	9.9	8.8
36914	NA	"UNK?"	221	297	""	""	NA	1	1.3	1.3	20140627	7	5	21	5.9	0.1
36915	NA	"PROTPA"	230	294	""	""	NA	1	1.3	1.3	20140627	7	5	32	12.3	5.1
36916	NA	"ALCHCO"	564	637	"BM"	""	NA	3	3.5	3.5	20140627	7	5	34	14.9	15.1
36917	NA	"MACRGL"	430	458	"M"	""	NA	5	1.3	1.3	20140627	7	6	11	1.2	2
36918	NA	"SPONRA"	541	583	""	""	NA	1	1.3	1.3	20140627	7	6	41	16.2	4.9
36919	NA	"GUARGU"	296	316	""	""	NA	1	1.3	1.3	20140627	7	6	42	15.1	8.5
36920	NA	"EUGEOE"	228	NA	""	"C"	NA	NA	1.3	NA	20140627	7	6	14	4.8	19.9
36921	NA	"SPONRA"	620	NA	""	"C"	NA	NA	1.3	NA	20140627	7	7	31	11	3
36922	NA	"POUTRE"	218	227	""	""	NA	1	1.3	1.3	20140627	7	7	34	12.8	16.3
36923	NA	"GUATDU"	468	540	""	""	NA	1	1.3	1.3	20140627	7	7	44	18	17.5
36924	NA	"HIRTTR"	202	223	""	""	NA	1	1.3	1.3	20140627	7	7	43	17.7	14.9
36926	NA	"CHR2AR"	316	367	""	""	NA	1	1.3	1.3	20140627	7	7	41	15.2	0.8
36927	NA	"PLA2EL"	848	850	"B"	""	NA	1	3.8	3.8	20140627	7	8	11	4.2	4.2
36928	NA	"SCH1ZO"	370	372	""	""	NA	1	1.3	1.3	20140627	7	8	11	4.9	4.4
36929	NA	"ALSEBL"	431	424	""	""	NA	1	1.3	3.75	20140627	7	8	32	10.3	8.2
36930	NA	"MYRCGA"	220	NA	"L"	"C"	NA	NA	1.3	NA	20140627	7	8	33	13.3	14.9
36931	NA	"CASESY"	227	254	""	""	NA	1	1.3	1.3	20140627	7	8	43	19.2	13.7
36932	NA	"SCH1ZO"	334	331	""	""	NA	1	1.3	1.3	20140627	7	8	42	18	6.5
36933	NA	"CHR2AR"	229	229	""	""	NA	1	1.3	1.3	20140627	7	8	41	19	2
36934	NA	"PROTTE"	252	266	""	""	NA	1	1.3	1.3	20140627	7	9	14	2.2	15.1
36935	NA	"UNK?"	499	505	"BM"	""	NA	2	2.9	2.9	20140627	7	9	21	9.1	4.9
36936	NA	"HYERAL"	490	535	""	""	NA	1	1.3	1.3	20140627	7	9	31	12	4
36937	NA	"ANACEX"	370	832	""	""	NA	1	1.3	1.3	20140627	7	9	33	11	12
36938	NA	"CORDAL"	483	NA	"Q"	"C"	NA	NA	1.3	NA	20140627	7	9	44	18.3	18
36939	NA	"GENIAM"	220	262	"Q"	""	NA	1	1.3	1.3	20140627	7	9	32	11	9
36940	NA	"CASSEL"	226	247	""	""	NA	1	1.3	1.3	20140627	7	10	13	4	11.2
36942	NA	"MANGIN"	492	505	""	""	NA	1	1.3	1.3	20140627	7	10	34	11	15.7
36943	NA	"PROTTE"	395	329	""	""	NA	1	1.3	1.3	20140627	7	10	34	14.8	15.6
36945	NA	"PROTPA"	207	NA	""	"N"	NA	NA	1.3	NA	20140627	7	11	22	5.4	9.9
36946	NA	"VIROSE"	231	240	""	""	NA	1	1.3	1.3	20140627	7	11	23	7.2	10.1
36947	NA	"SCH1ZO"	315	321	""	""	NA	1	1.3	1.3	20140627	7	11	31	13	4.9
36949	NA	"APEIME"	680	704	"B"	""	NA	1	3.55	3.55	20140627	7	11	42	19	8.5
36950	NA	"SPONRA"	537	NA	""	"C"	NA	NA	1.3	NA	20140627	7	11	41	18	0.3
36951	NA	"TRI2TU"	286	331	""	""	NA	1	1.3	1.3	20140627	7	12	12	1.6	7
36952	NA	"TRI2TU"	204	231	""	""	NA	1	1.3	1.3	20140627	7	12	12	4.9	7.2
36953	NA	"CORDAL"	493	NA	"B"	"C"	NA	NA	3.4	NA	20140627	7	12	13	1.6	14.3
36954	NA	"CASEAR"	238	278	""	""	NA	1	1.3	1.3	20140627	7	12	24	7.3	15.1
36955	NA	"SCH1ZO"	486	NA	""	"C"	NA	NA	1.3	NA	20140627	7	12	22	8	7
36956	NA	"TRI2TU"	247	258	""	""	NA	1	1.3	1.3	20140627	7	12	22	9.5	6.3
36957	NA	"VIROSE"	272	275	""	""	NA	1	1.3	1.3	20140627	7	12	34	14.9	17.2
36958	NA	"TRI2TU"	239	245	""	""	NA	1	1.3	1.3	20140627	7	12	44	17	16.2
36959	NA	"APEIME"	389	416	""	""	NA	1	1.3	1.3	20140627	7	12	43	15.1	12
36960	NA	"TRI2TU"	202	246	""	""	NA	1	1.3	1.3	20140627	7	12	41	16	0.3
36961	NA	"ANACEX"	290	341	""	""	NA	1	1.3	1.3	20140627	7	13	24	7	19.2
36963	NA	"SPONRA"	502	549	""	""	NA	1	1.3	1.3	20140627	7	13	22	5.7	8.4
36964	NA	"EUGECO"	320	NA	""	"C"	NA	NA	1.3	NA	20140627	7	13	21	8	3
36965	NA	"BEILPE"	350	429	"B"	""	NA	1	3.01	3.01	20140627	7	13	21	6.3	1.2
36966	NA	"CHR2AR"	325	326	""	""	NA	1	1.3	1.3	20140627	7	13	43	19	12
36967	NA	"VIROSE"	301	312	""	""	NA	1	1.3	1.3	20140627	7	13	42	18	6
36968	NA	"GUARGU"	215	226	""	""	NA	1	1.3	1.3	20140627	7	13	33	12.2	14.9
36969	NA	"VIROSU"	215	274	""	""	NA	1	1.3	1.3	20140627	7	14	22	5.3	7
36970	NA	"GAR2MA"	230	268	""	""	NA	1	1.3	1.3	20140627	7	14	31	12	4
36971	NA	"LONCLA"	363	NA	""	"N"	NA	NA	1.3	NA	20140627	7	14	31	14	1.3
36972	NA	"HYERAL"	387	423	""	""	NA	1	1.3	1.3	20140627	7	14	42	16	8
36973	NA	"ALCHCO"	928	NA	"B"	"C"	NA	NA	1.9	NA	20140630	9	14	13	4.9	12.2
36974	NA	"ANACEX"	402	450	""	""	NA	1	1.3	1.3	20140630	9	14	23	9.8	11.6
36975	NA	"TRI2TU"	268	29	""	""	NA	1	1.3	1.3	20140630	9	14	21	9	3
36976	NA	"ANACEX"	309	313	""	""	NA	1	1.3	1.3	20140630	9	14	32	14.9	9.2
36977	NA	"MACRGL"	320	343	""	""	NA	2	1.3	1.3	20140630	9	14	34	14.7	15.1
36978	NA	"ANACEX"	994	1039	""	""	NA	1	1.3	1.3	20140630	9	14	34	11.2	15.4
36979	NA	"ALCHCO"	285	235	""	"P"	NA	1	1.3	1.3	20140630	9	14	44	19.9	19.8
36981	NA	"GUATDU"	359	468	""	""	NA	1	1.3	1.3	20140630	9	13	22	6	8.2
36982	NA	"UNK?"	319	NA	"B"	"C"	NA	NA	3.08	NA	20140630	9	13	21	7	4
36983	NA	"HYERAL"	492	560	"B"	""	NA	1	3.22	3.22	20140630	9	13	31	12	3.5
36984	NA	"SCH1ZO"	325	334	""	""	NA	1	1.3	1.3	20140630	9	13	34	11.4	15.4
36985	NA	"CASEAR"	241	NA	""	"C"	NA	NA	1.3	NA	20140630	9	13	43	16	10.1
36986	NA	"VIROSU"	413	497	""	""	NA	1	1.3	1.3	20140630	9	13	41	19	0.3
37001	NA	"INGA SP"	241	288	"ML"	"L"	NA	6	1.3	1.3	20140626	3	2	22	8.8	6.5
37002	NA	"GUAPST"	694	740	"B"	""	NA	1	3.65	3.65	20140626	3	2	34	10.3	17.4
37003	NA	"LACMPA"	200	210	""	""	NA	1	1.3	1.3	20140626	3	1	13	1	11.2
37004	NA	"PLA2EL"	893	943	"B"	""	NA	1	3.2	3.2	20140626	3	1	22	7.6	9.8
37005	NA	"LICAPL"	262	330	""	""	NA	1	1.3	1.3	20140626	3	1	32	10.5	8
37006	NA	"APEIME"	333	NA	"Q"	"N"	NA	NA	1.3	NA	20140626	3	1	34	12.2	17.4
37007	NA	"ALSEBL"	267	330	"B"	""	NA	1	2.85	1.3	20140626	3	1	43	17.8	13
37008	NA	"CELTSC"	258	415	""	""	NA	1	1.3	1.3	20140626	3	1	41	19.5	2
37010	NA	"CORDAL"	424	448	"B"	""	NA	1	3.15	3.15	20140626	3	0	21	9.7	0.7
37012	NA	"TET2PA"	236	261	""	""	NA	1	1.3	1.3	20140626	3	0	41	17.8	1
37013	NA	"APEIME"	620	635	"B"	""	NA	1	3.14	3.14	20140627	8	0	22	8.8	8.2
37014	NA	"GUAPST"	332	376	""	""	NA	1	1.3	1.3	20140627	8	0	21	9	0.3
37015	NA	"VIROSE"	317	334	""	""	NA	1	1.3	1.3	20140627	8	0	31	11	1
37016	NA	"GUARGU"	318	337	""	"P"	NA	1	1.3	1.3	20140627	8	0	41	18	2
37018	NA	"GUARGU"	241	297	""	""	NA	1	1.3	1.3	20140627	8	1	23	9.8	12.5
37019	NA	"GUARGU"	268	298	""	""	NA	1	1.3	1.3	20140627	8	1	32	13	7
37020	NA	"GUARGU"	222	257	""	""	NA	1	1.3	1.3	20140627	8	1	44	18	18
37021	NA	"GUSTSU"	218	235	""	""	NA	1	1.3	1.3	20140627	8	1	42	19	9.8
37022	NA	"TERMAM"	344	434	""	""	NA	2	1.3	2.75	20140627	8	2	13	4	12
37023	NA	"HIRTTR"	217	260	""	""	NA	1	1.3	1.3	20140627	8	2	21	8.8	2
37024	NA	"TET2PA"	245	367	""	""	NA	1	1.3	1.3	20140627	8	2	33	12	11
37025	NA	"GUARGU"	300	318	"B"	""	NA	1	3.5	3.5	20140627	8	2	41	18.1	2
37026	NA	"POULAR"	217	NA	""	"S"	NA	NA	1.3	NA	20140627	8	2	41	17	1
37027	NA	"ANACEX"	838	NA	"Q"	"S"	NA	NA	1.3	NA	20140627	8	2	11	2	3
37028	NA	"MACRGL"	229	NA	"M"	"C"	NA	NA	1.3	NA	20140627	8	3	12	2	8
37029	NA	"VIROSU"	673	NA	"B"	"C"	NA	NA	3.85	NA	20140627	8	3	12	2	9.6
37030	NA	"HIRTTR"	223	NA	""	"C"	NA	NA	1.3	NA	20140627	8	3	13	0.8	11
37031	NA	"TROPRA"	293	314	""	""	NA	1	1.3	1.3	20140627	8	3	24	8.9	19
37032	NA	"SPONRA"	533	574	""	""	NA	1	1.3	1.3	20140627	8	3	24	8.3	18.3
37033	NA	"HIRTTR"	217	244	""	""	NA	1	1.3	1.3	20140627	8	3	32	14	7.5
37034	NA	"ANACEX"	839	998	""	""	NA	1	1.3	1.3	20140627	8	3	32	13.3	8
37035	NA	"SYMPGL"	227	NA	""	"C"	NA	NA	1.3	NA	20140627	8	4	13	1.7	10.3
37036	NA	"MACRGL"	298	320	""	""	NA	1	1.3	1.3	20140627	8	4	13	1	12
37037	NA	"GUSTSU"	215	235	""	""	NA	1	1.3	1.3	20140627	8	4	31	10.7	0.6
37038	NA	"MACRGL"	349	402	"B"	""	NA	1	3.63	3.63	20140627	8	4	33	11	12
37039	NA	"MACRGL"	243	247	""	""	NA	1	1.3	1.3	20140627	8	4	43	19	11
37040	NA	"VIROSU"	574	603	"B"	""	NA	1	3.6	3.6	20140627	8	4	41	19	0.3
37041	NA	"SCH1ZO"	305	307	""	""	NA	1	1.3	1.3	20140627	8	5	12	0.6	9.7
37042	NA	"HIRTTR"	226	229	""	""	NA	1	1.3	1.3	20140627	8	5	23	8	11
37043	NA	"CORDLA"	203	NA	""	"C"	NA	NA	1.3	NA	20140627	8	5	22	9	7
37044	NA	"GUARGU"	253	306	""	""	NA	1	1.3	1.3	20140627	8	5	21	7.6	1
37045	NA	"MACRGL"	348	357	"B"	""	NA	1	2.96	2.96	20140627	8	5	21	8.8	0.3
37046	NA	"MACRGL"	214	248	""	""	NA	1	1.3	1.3	20140627	8	5	32	12.3	7
37047	NA	"POULAR"	278	NA	"BM"	"C"	NA	NA	3	NA	20140627	8	5	34	13.2	18
37048	NA	"MACRGL"	372	409	"B"	""	NA	1	3.55	3.55	20140627	8	5	42	19	6.6
37049	NA	"TERMAM"	320	320	"B"	""	NA	1	2.87	2.87	20140627	8	6	11	2	3
37050	NA	"ALSEBL"	207	249	""	""	NA	1	1.3	1.3	20140627	8	6	14	1.5	19.3
37051	NA	"CHR2AR"	392	444	"B"	""	NA	1	2.97	2.97	20140627	8	6	24	9	17.2
37052	NA	"TAB1RO"	415	465	"B"	""	NA	1	3.01	3.01	20140627	8	6	22	9	8.3
37053	NA	"VIROSE"	208	247	""	""	NA	1	1.3	1.3	20140627	8	6	22	8	7.2
37054	NA	"ANACEX"	272	272	""	"P"	NA	1	1.3	1.3	20140627	8	6	34	10.4	17
37055	NA	"ALSEBL"	244	305	""	""	NA	1	1.3	1.3	20140627	8	6	34	13	17.2
37056	NA	"LUEHSE"	580	NA	"B"	"C"	NA	NA	3.45	NA	20140627	8	6	44	16	19.7
37057	NA	"SPONRA"	612	642	""	""	NA	1	1.3	1.3	20140627	8	6	43	19	11.3
37058	NA	"MACRGL"	219	244	""	""	NA	1	1.3	1.3	20140627	8	6	42	19.7	9.8
37059	NA	"MACRGL"	297	357	""	""	NA	1	1.3	1.3	20140627	8	6	32	13	8
37060	NA	"HYERAL"	489	503	""	""	NA	1	1.3	1.3	20140627	8	7	11	1.6	0.3
37061	NA	"ANACEX"	798	882	""	""	NA	1	1.3	1.3	20140627	8	7	11	3.6	2
37062	NA	"LUEHSE"	281	NA	""	"C"	NA	NA	1.3	NA	20140627	8	7	14	0.7	18
37063	NA	"SCH1ZO"	282	285	""	""	NA	1	1.3	1.3	20140627	8	7	22	8.9	8
37064	NA	"MACRGL"	333	346	"B"	""	NA	1	2.82	2.82	20140627	8	7	21	9.4	0.3
37065	NA	"ANACEX"	450	520	""	""	NA	1	1.3	1.3	20140627	8	7	31	12	2
37066	NA	"CASEAR"	330	345	""	""	NA	1	1.3	1.3	20140627	8	7	33	12	12
37067	NA	"TAB1GU"	620	709	""	""	NA	1	1.3	1.3	20140627	8	7	44	18.3	17.2
37068	NA	"SCH1ZO"	383	384	""	""	NA	1	1.3	1.3	20140627	8	8	23	6.8	11.6
37070	NA	"TRI2TU"	299	336	""	""	NA	1	1.3	1.3	20140627	8	8	34	12.3	18.3
37071	NA	"PIT1MA"	726	958	""	""	NA	1	1.3	1.3	20140627	8	8	44	17.5	19.8
37072	NA	"SCH1ZO"	325	327	""	""	NA	1	1.3	1.3	20140627	8	8	43	18	10.8
37074	NA	"ANACEX"	445	521	""	""	NA	1	1.3	1.3	20140627	8	9	34	12.2	18.6
37075	NA	"SPONRA"	453	494	""	""	NA	1	1.3	1.3	20140627	8	9	43	17.6	13.4
37076	NA	"SCH1ZO"	355	358	""	""	NA	1	1.3	1.3	20140627	8	9	43	19.7	11
37077	NA	"HYERAL"	727	775	""	""	NA	1	1.3	1.3	20140627	8	10	32	12.4	8.3
37078	NA	"BEILPE"	532	584	""	""	NA	1	1.3	1.3	20140627	8	10	44	17	17.2
37079	NA	"CASSEL"	244	269	""	""	NA	1	1.3	1.3	20140627	8	11	24	7.5	19
37081	NA	"ANACEX"	592	630	""	""	NA	1	1.3	1.3	20140627	8	11	32	11	9
37082	NA	"VIROSU"	322	335	""	""	NA	1	1.3	1.3	20140627	8	11	43	17.8	12.5
37083	NA	"CASEAR"	261	NA	""	"N"	NA	NA	1.3	NA	20140627	8	11	41	19.3	2
37084	NA	"MACRGL"	278	322	""	""	NA	1	1.3	1.3	20140627	8	12	14	0.6	18.6
37085	NA	"TRI2TU"	220	228	""	""	NA	1	1.3	1.3	20140627	8	12	22	8.6	8.7
37086	NA	"VIROSU"	412	427	""	""	NA	1	1.3	1.3	20140627	8	12	31	11	2
37087	NA	"MAQUCO"	228	235	""	""	NA	1	1.3	1.3	20140627	8	12	42	19.4	9.6
37088	NA	"PLA2EL"	465	485	"B"	""	NA	1	3.52	3.52	20140627	8	13	11	0.2	0.3
37089	NA	"ANACEX"	902	968	""	""	NA	1	1.3	1.3	20140627	8	13	12	0.8	7
37090	NA	"VIROSU"	628	NA	""	""	NA	1	1.3	1.3	20140627	8	13	14	0.8	19
37091	NA	"GUSTSU"	218	233	""	""	NA	1	1.3	1.3	20140627	8	13	24	8	17
37092	NA	"VIROSU"	237	279	""	""	NA	1	1.3	1.3	20140627	8	13	32	11	7.6
37093	NA	"MACRGL"	430	NA	"Q"	"C"	NA	NA	1.3	NA	20140627	8	13	34	10.3	17
37094	NA	"PERSAM"	387	406	""	""	NA	1	1.3	1.3	20140627	8	13	43	19.2	12.4
37095	NA	"HYERAL"	441	451	"Q"	""	NA	1	1.3	1.3	20140627	8	13	42	19	8.3
37096	NA	"MACRGL"	296	317	""	""	NA	1	1.3	1.3	20140627	8	14	12	0.7	8
37097	NA	"NECTPU"	212	16	""	"R"	NA	2	1.3	1.3	20140627	8	14	12	2.3	7.8
37098	NA	"HIRTTR"	212	228	""	""	NA	1	1.3	1.3	20140627	8	14	34	11	19.2
37099	NA	"MACLTI"	276	398	""	""	NA	1	1.3	1.3	20140627	8	14	34	12	17.2
37100	NA	"MACRGL"	291	312	""	""	NA	1	1.3	1.3	20140627	8	14	42	17	7
37101	NA	"LUEHSE"	691	NA	"B"	"C"	NA	NA	3.3	NA	20140627	8	14	41	19.2	2.3
37103	NA	"BEILPE"	385	415	""	""	NA	1	1.3	1.3	20140630	9	10	44	16	17
37104	NA	"FICUTO"	247	NA	""	"C"	NA	NA	1.3	NA	20140630	9	10	32	13	5
37105	NA	"HYERAL"	782	832	""	""	NA	1	1.3	1.3	20140630	9	10	31	14	3
37106	NA	"VIROSE"	301	308	""	""	NA	1	1.3	1.3	20140630	9	9	12	2	5
37107	NA	"PHOECI"	454	484	""	""	NA	1	1.3	1.3	20140630	9	9	23	5	14.5
37108	NA	"ALSEBL"	297	337	""	""	NA	1	1.3	1.3	20140630	9	9	14	3	17
37110	NA	"ALCHCO"	440	308	"BM"	"R"	NA	1	4.47	1.3	20140630	9	9	34	13	18
37111	NA	"VIROSU"	609	NA	""	"C"	NA	NA	1.3	NA	20140630	9	9	44	18	16
37112	NA	"VIROSU"	283	296	""	""	NA	1	1.3	1.3	20140630	9	9	42	19	7
37113	NA	"MACRGL"	337	297	""	""	NA	1	1.3	3.25	20140630	9	9	41	15	2
37114	NA	"VIROSE"	343	355	""	""	NA	1	1.3	1.3	20140630	9	8	13	2	12
37115	NA	"MAQUCO"	217	220	""	""	NA	1	1.3	1.3	20140630	9	8	23	5	13
37116	NA	"HYERAL"	820	895	"B"	""	NA	1	3.5	3.5	20140630	9	8	23	6	11
37117	NA	"PROTTE"	206	NA	""	"C"	NA	NA	1.3	NA	20140630	9	8	22	9	6
37118	NA	"VIROSE"	520	540	""	""	NA	1	1.3	1.3	20140630	9	8	33	13	11
37120	NA	"PROTPA"	244	257	""	""	NA	1	1.3	1.3	20140630	9	8	44	18	19
37121	NA	"MACRGL"	269	324	""	""	NA	1	1.3	1.3	20140630	9	8	42	15.1	9.3
37122	NA	"TAB1RO"	264	300	""	""	NA	1	1.3	1.3	20140630	9	7	11	0.3	1
37123	NA	"TRIPCU"	244	254	""	""	NA	1	1.3	1.3	20140630	9	7	13	2	10.8
37124	NA	"PROTTE"	240	280	""	""	NA	1	1.3	1.3	20140630	9	7	14	2	16.2
37125	NA	"HYERAL"	350	426	""	""	NA	1	1.3	1.3	20140630	9	7	33	13.5	11
37126	NA	"HIRTTR"	259	292	""	""	NA	1	1.3	1.3	20140630	9	7	43	18	13
37127	NA	"VIROSE"	230	265	""	""	NA	1	1.3	1.3	20140630	9	6	14	1.7	19.2
37128	NA	"MACRGL"	262	317	""	""	NA	1	1.3	1.3	20140630	9	6	24	6	19
37130	NA	"SCH1ZO"	291	301	""	""	NA	1	1.3	1.3	20140630	9	6	22	5.1	9.9
37133	NA	"LUEHSE"	353	NA	"B"	"S"	NA	NA	4	NA	20140630	9	6	44	18.2	18.2
37134	NA	"BEILPE"	323	NA	"Q"	"S"	NA	NA	1.3	NA	20140630	9	6	44	18.7	17.9
37135	NA	"JAC1CO"	541	577	""	""	NA	1	1.3	1.3	20140630	9	6	44	19	17.2
37136	NA	"MACRGL"	239	253	""	""	NA	1	1.3	1.3	20140630	9	5	12	2	8
37137	NA	"FICUPO"	1260	1275	"B"	""	NA	1	3.85	4.15	20140630	9	5	13	2	13
37138	NA	"MACRGL"	315	366	""	""	NA	1	1.3	1.3	20140630	9	5	23	5	12
37139	NA	"MACRGL"	275	283	"B"	""	NA	1	3.83	3.83	20140630	9	5	31	13	0.3
37140	NA	"TAB1RO"	446	458	"B"	""	NA	1	3.57	3.57	20140630	9	5	31	13	2
37141	NA	"POULAR"	298	NA	"B"	"S"	NA	NA	3.65	3.65	20140630	9	5	32	10.3	7
37142	NA	"CORDBI"	290	292	""	""	NA	1	1.3	1.3	20140630	9	5	33	12	14
37143	NA	"POULAR"	261	325	"B"	""	NA	1	3.55	3.75	20140630	9	5	44	17	19.5
37144	NA	"QUARPT"	229	279	"M"	""	NA	4	1.3	1.3	20140630	9	5	44	19.9	19
37147	NA	"ANACEX"	752	1185	""	""	NA	1	3.66	1.3	20140630	9	4	13	2	14
37148	NA	"MACRGL"	393	394	"B"	""	NA	1	3.8	3.8	20140630	9	4	22	6	9
37149	NA	"NECTPU"	245	NA	"Q"	"C"	NA	NA	1.3	NA	20140630	9	4	41	17.2	3.7
37150	NA	"PROTCO"	213	NA	""	"S"	NA	NA	1.3	NA	20140630	9	3	32	14.6	5
37151	NA	"POULAR"	314	323	"B"	""	NA	1	3.5	3.5	20140630	9	3	33	13	11
37152	NA	"SPONRA"	573	575	""	""	NA	1	1.3	1.3	20140630	9	3	33	14.9	11
37154	NA	"TRI2TU"	337	NA	""	"C"	NA	NA	1.3	NA	20140630	9	2	24	5.4	19
37155	NA	"ANACEX"	150	1105	""	""	NA	1	1.3	1.3	20140630	9	2	32	13.4	8
37157	NA	"DIPTPA"	839	861	"B"	""	NA	1	4.4	4.4	20140630	9	2	34	14	16
37158	NA	"POULAR"	281	NA	"B"	"N"	NA	NA	3.43	NA	20140630	9	2	34	11.2	19
37159	NA	"PROTTE"	231	259	""	""	NA	1	1.3	1.3	20140630	9	2	43	16	10.6
37160	NA	"GUARGU"	270	270	"M"	"P"	NA	1	1.3	1.3	20140630	9	1	11	2	1
37161	NA	"SAPIAU"	213	240	""	""	NA	1	1.3	1.3	20140630	9	1	12	3	8
37162	NA	"UNK?"	580	708	"B"	""	NA	13	4.45	4.45	20140630	9	1	22	9	5
37163	NA	"TOPOPI"	307	347	""	""	NA	1	1.3	1.3	20140630	9	1	33	14.9	13.4
37164	NA	"SPONMO"	810	849	"B"	""	NA	1	3.63	3.63	20140630	9	1	33	14	14.9
37165	NA	"PROTTE"	407	415	""	""	NA	1	1.3	1.3	20140630	9	1	34	14	17
37166	NA	"CAVAPL"	950	1022	""	""	NA	1	1.3	1.3	20140630	9	1	44	19.7	19.9
37167	NA	"HURACR"	707	790	""	""	NA	1	1.3	1.3	20140630	9	0	13	3.2	10.4
37168	NA	"PROTTE"	335	387	"B"	""	NA	1	3.53	3.53	20140630	9	0	24	7.3	18
37169	NA	"POUTRE"	248	390	""	""	NA	1	1.3	1.3	20140630	9	0	22	5	7
37170	NA	"ALSEBL"	219	239	""	"P"	NA	1	1.3	1.3	20140630	9	0	42	19	9
37171	NA	"HURACR"	642	684	""	""	NA	1	1.3	1.3	20140630	9	0	41	17	3
37172	NA	"MACRGL"	421	410	"M"	""	NA	3	1.3	1.3	20140630	9	0	41	18	0.6
48952	NA	"TET2PA"	NA	237	NA	""	NA	1	NA	1.3	NA	1	1	13	1.7	0.5
48953	NA	"ALSEBL"	NA	210	NA	""	NA	1	NA	1.3	NA	1	4	42	3.1	3.5
48954	NA	"PROTTE"	NA	208	NA	""	NA	1	NA	1.3	NA	1	5	22	4.5	1.5
48955	NA	"QUARPT"	NA	240	NA	""	NA	2	NA	1.3	NA	1	6	41	4.2	4.5
48956	NA	"TET2PA"	NA	209	NA	""	NA	1	NA	1.3	NA	1	6	34	3.8	2.3
48957	NA	"PROTTE"	NA	210	NA	""	NA	1	NA	1.3	NA	1	7	22	4.6	1
48958	NA	"TAB2AR"	NA	237	NA	""	NA	1	NA	1.3	NA	1	7	34	0.3	1.9
48959	NA	"QUARPT"	NA	282	NA	""	NA	2	NA	1.3	NA	1	8	11	1.8	1.5
48960	NA	"POUTRE"	NA	200	NA	""	NA	1	NA	1.3	NA	1	9	11	1.2	1.6
48961	NA	"GUSTSU"	NA	206	NA	""	NA	1	NA	1.3	NA	1	10	21	1.8	2.2
48964	NA	"VIROSU"	NA	240	NA	""	NA	1	NA	1.3	NA	1	12	31	1.8	1.9
48966	NA	"CASSEL"	NA	230	NA	""	NA	1	NA	1.3	NA	1	13	22	0.3	0.2
48968	NA	"MECRGL"	NA	226	NA	""	NA	1	NA	1.3	NA	1	14	33	0.6	0.3
48969	NA	"HIRTTR"	NA	220	NA	""	NA	1	NA	1.3	NA	1	14	42	4.5	0.2
48970	NA	"POUTRE"	NA	205	NA	""	NA	1	NA	1.3	NA	4	1	14	4.5	0.2
48974	NA	"PROTTE"	NA	209	NA	""	NA	1	NA	1.3	NA	4	4	23	1.5	0.1
48975	NA	"HEISCO"	NA	203	NA	""	NA	1	NA	1.3	NA	4	5	31	3.9	0.1
48976	NA	"TRI2TU"	NA	210	NA	""	NA	1	NA	1.3	NA	4	5	11	3.8	0.1
48978	NA	"HEISCO"	NA	232	NA	""	NA	1	NA	1.3	NA	4	6	41	4.1	4.5
48979	NA	"TAB1RO"	NA	204	NA	""	NA	1	NA	1.3	NA	4	8	42	0.5	3
48981	NA	"NECTPU"	NA	273	NA	""	NA	1	NA	1.3	NA	4	9	21	4.6	1.2
48982	NA	"PROTTE"	NA	236	NA	""	NA	1	NA	1.3	NA	4	9	31	1.2	1.9
48983	NA	"VOCHFE"	NA	238	NA	""	NA	1	NA	1.3	NA	4	9	41	3.1	0.1
48984	NA	"VIROSU"	NA	264	NA	""	NA	1	NA	1.3	NA	4	9	23	1.5	1.2
48985	NA	"VOCHFE"	NA	251	NA	""	NA	1	NA	1.3	NA	4	9	24	2	3.2
48986	NA	"TREMIN"	NA	282	NA	""	NA	1	NA	1.3	NA	4	9	44	0.2	1.9
48987	NA	"TRI2TU"	NA	243	NA	""	NA	1	NA	1.3	NA	4	10	31	0.3	2.8
48989	NA	"LINDLA"	NA	206	NA	""	NA	2	NA	1.3	NA	4	12	21	0.3	1.5
48991	NA	"PROTPA"	NA	200	NA	""	NA	1	NA	1.3	NA	4	13	31	0.3	2.7
48993	NA	"PROTTE"	NA	205	NA	""	NA	1	NA	1.3	NA	4	14	24	2.5	1.9
48994	NA	"ALSEBL"	NA	202	NA	""	NA	1	NA	1.3	NA	4	14	11	0.3	2.2
48995	NA	"ZUELGU"	NA	228	NA	""	NA	1	NA	1.3	NA	4	14	43	4.5	3.9
48996	NA	"GAR2MA"	NA	214	NA	""	NA	1	NA	1.3	NA	7	0	12	3	3.7
48997	NA	"GUARGU"	NA	201	NA	""	NA	1	NA	1.3	NA	7	0	22	2.8	0.2
48999	NA	"GUARGU"	NA	205	NA	""	NA	1	NA	1.3	NA	7	0	43	1.1	2.2
49401	NA	"ALSEBL"	NA	227	NA	""	NA	1	NA	1.3	NA	0	1	43	0.9	2.9
49402	NA	"SPONRA"	NA	245	NA	""	NA	1	NA	1.3	NA	0	3	21	3.5	1.1
49403	NA	"HIRTTR"	NA	233	NA	""	NA	1	NA	1.3	NA	0	3	12	4.5	4.5
49404	NA	"VIROSE"	NA	223	NA	""	NA	1	NA	1.3	NA	0	4	31	3.1	0.9
49405	NA	"TOCOPI"	NA	239	NA	""	NA	1	NA	1.3	NA	0	5	42	1	3.7
49407	NA	"GAR2IN"	NA	201	NA	""	NA	1	NA	1.3	NA	0	9	21	3	0.8
49408	NA	"MICOAR"	NA	215	NA	""	NA	1	NA	1.3	NA	0	10	41	2.1	2.7
49409	NA	"GUSTSU"	NA	201	NA	""	NA	1	NA	1.3	NA	0	10	33	1.3	3
49410	NA	"HEISCO"	NA	231	NA	""	NA	1	NA	1.3	NA	0	10	34	1.5	2.1
49412	NA	"BEILPE"	NA	217	NA	""	NA	1	NA	1.3	NA	0	11	32	3.9	2.9
49414	NA	"NECTPU"	NA	218	NA	""	NA	1	NA	1.3	NA	0	13	12	4.1	3
49415	NA	"TREMIN"	NA	210	NA	""	NA	1	NA	1.3	NA	0	13	22	2.8	1.7
49420	NA	"TET2PA"	NA	201	NA	""	NA	1	NA	1.3	NA	3	0	32	1.5	3.1
49422	NA	"HURACR"	NA	225	NA	""	NA	1	NA	1.3	NA	3	0	34	1.2	2.5
49423	NA	"EUGEOE"	NA	258	NA	""	NA	1	NA	1.3	NA	3	1	32	3.5	0.9
49424	NA	"SCH1ZO"	NA	420	NA	""	NA	1	NA	1.3	NA	3	2	21	0.2	2.9
49427	NA	"MACRGL"	NA	229	NA	""	NA	4	NA	1.3	NA	3	4	23	1.5	0.9
49428	NA	"ALSEBL"	NA	207	NA	""	NA	1	NA	1.3	NA	3	4	32	2.7	0.7
49429	NA	"SCH1ZO"	NA	224	NA	""	NA	1	NA	1.3	NA	3	4	34	4.5	4.8
49430	NA	"CALOLO"	NA	345	NA	""	NA	1	NA	1.3	NA	3	5	13	1.2	1.5
49431	NA	"TET2PA"	NA	230	NA	""	NA	1	NA	1.3	NA	3	7	33	0.9	0.8
49433	NA	"ALSEBL"	NA	215	NA	""	NA	1	NA	1.3	NA	3	8	23	0.2	2.1
49438	NA	"TRI2TU"	NA	230	NA	""	NA	1	NA	1.3	NA	3	10	42	0.4	4.5
49439	NA	"VOCHFE"	NA	213	NA	""	NA	1	NA	1.3	NA	3	11	14	4.5	2.9
49441	NA	"SCH1ZO"	NA	333	NA	""	NA	1	NA	1.3	NA	3	12	23	2.6	0.3
49442	NA	"TET2PA"	NA	214	NA	""	NA	1	NA	1.3	NA	3	12	23	3.5	3.9
49443	NA	"LACMPA"	NA	225	NA	""	NA	1	NA	1.3	NA	3	13	22	3.5	3.7
49445	NA	"MACRGL"	NA	215	NA	""	NA	1	NA	1.3	NA	3	14	22	3	3.1
49446	NA	"HIRTAM"	NA	220	NA	""	NA	1	NA	1.3	NA	6	0	33	4.1	1.8
49450	NA	"GAR2MA"	NA	203	NA	""	NA	1	NA	1.3	NA	6	1	43	0.5	2.6
49453	NA	"GUARGU"	NA	222	NA	""	NA	1	NA	1.3	NA	6	3	33	1.5	0.8
49454	NA	"MACRGL"	NA	212	NA	""	NA	6	NA	1.3	NA	6	4	23	3.2	0.2
49455	NA	"PROTTE"	NA	233	NA	""	NA	1	NA	1.3	NA	6	6	13	1.5	0.5
49458	NA	"CALOLO"	NA	244	NA	""	NA	1	NA	1.3	NA	6	7	13	1.3	4.8
49459	NA	"VIROSE"	NA	227	NA	""	NA	1	NA	1.3	NA	6	8	11	0.8	4.7
49460	NA	"TRI2TU"	NA	247	NA	""	NA	1	NA	1.3	NA	6	7	24	3.1	4
49461	NA	"CASSEL"	NA	200	NA	""	NA	1	NA	1.3	NA	6	8	21	2.8	2.1
49462	NA	"VIROSE"	NA	301	NA	""	NA	1	NA	1.3	NA	6	8	32	0.2	4.1
49466	NA	"ALSEBL"	NA	278	NA	""	NA	2	NA	1.3	NA	6	9	41	1.5	1.7
49467	NA	"TET2PA"	NA	205	NA	""	NA	1	NA	1.3	NA	6	10	21	2.8	0.5
49471	NA	"TRI2TU"	NA	203	NA	""	NA	1	NA	1.3	NA	6	12	32	4	0.6
49476	NA	"ALSEBL"	NA	216	NA	""	NA	1	NA	1.3	NA	9	13	44	1	2.7
49477	NA	"VIROSE"	NA	204	NA	""	NA	1	NA	1.3	NA	9	13	32	1.5	3.1
49478	NA	"TRI2TU"	NA	214	NA	""	NA	1	NA	1.3	NA	9	13	32	2.1	3
49479	NA	"CASSEL"	NA	201	NA	""	NA	1	NA	1.3	NA	9	12	14	3.5	0.2
49481	NA	"VOCHFE"	NA	389	NA	""	NA	1	NA	1.3	NA	9	11	14	3.7	1.1
49486	NA	"TET2PA"	NA	216	NA	""	NA	1	NA	1.3	NA	9	9	42	4.8	0.1
49488	NA	"VIROSU"	NA	267	NA	""	NA	1	NA	1.3	NA	9	8	11	4.2	4.8
49489	NA	"SCH1ZO"	NA	245	NA	""	NA	1	NA	1.3	NA	9	8	21	3.7	3
49490	NA	"EUGEOE"	NA	250	NA	""	NA	1	NA	1.3	NA	9	7	24	3.5	2.9
49491	NA	"HIRTTR"	NA	200	NA	""	NA	1	NA	1.3	NA	9	7	34	4.8	0.8
49492	NA	"CECRIN"	NA	219	NA	"P,med"	NA	1	NA	1.7	NA	9	7	44	1.8	3.8
49496	NA	"ALSEBL"	NA	201	NA	""	NA	1	NA	1.3	NA	9	5	24	2.6	2.7
49498	NA	"VIROSU"	NA	217	NA	""	NA	1	NA	1.3	NA	9	4	31	0.5	0.6
49746	NA	"GUSTSU"	NA	209	NA	""	NA	1	NA	1.3	NA	2	1	34	2.8	1.7
49747	NA	"SPONRA"	NA	272	NA	""	NA	1	NA	1.3	NA	2	2	11	1	1.1
49748	NA	"CROTBI"	NA	212	NA	""	NA	1	NA	1.3	NA	2	2	14	1.2	3.9
49749	NA	"CORDAL"	NA	200	NA	""	NA	1	NA	1.3	NA	2	2	33	3.8	1.1
49751	NA	"TET2PA"	NA	225	NA	""	NA	1	NA	1.3	NA	2	4	14	0.5	2.8
49752	NA	"MACRGL"	NA	234	NA	""	NA	3	NA	1.3	NA	2	4	43	4.5	0.8
49753	NA	"QUARPT"	NA	240	NA	""	NA	11	NA	1.3	NA	2	7	24	3.5	1.2
49754	NA	"AST2GR"	NA	206	NA	""	NA	1	NA	1.3	NA	2	7	34	1.8	1.8
49755	NA	"PROTTE"	NA	226	NA	"P"	NA	1	NA	1.8	NA	2	9	24	4.1	0.8
49762	NA	"ALSEBL"	NA	226	NA	""	NA	1	NA	1.3	NA	2	11	24	1.1	2.2
49763	NA	"GAR2MA"	NA	210	NA	""	NA	1	NA	1.3	NA	5	0	33	3.8	1.9
49764	NA	"TET2PA"	NA	204	NA	""	NA	1	NA	1.3	NA	5	1	34	2.5	0.5
49765	NA	"ALSEBL"	NA	214	NA	""	NA	1	NA	1.3	NA	5	1	31	0.5	0.2
49766	NA	"HIRTTR"	NA	225	NA	""	NA	1	NA	1.3	NA	5	2	31	4.8	2.9
49768	NA	"PROTTE"	NA	209	NA	""	NA	1	NA	1.3	NA	5	4	12	4.9	3
49769	NA	"VIROSE"	NA	206	NA	""	NA	1	NA	1.3	NA	5	4	21	2.9	4.9
49770	NA	"HIRTTR"	NA	208	NA	""	NA	1	NA	1.3	NA	5	5	42	4.8	0.8
49772	NA	"GUSTSU"	NA	204	NA	""	NA	1	NA	1.3	NA	5	6	42	2.5	2.5
49773	NA	"ALSEBL"	NA	205	NA	""	NA	1	NA	1.3	NA	5	7	14	4.5	4
49774	NA	"ALSEBL"	NA	250	NA	""	NA	1	NA	1.3	NA	5	7	22	0.1	4.1
49775	NA	"CALOLO"	NA	229	NA	""	NA	1	NA	1.3	NA	5	8	11	0.5	4.9
49776	NA	"SIMAAM"	NA	365	NA	""	NA	1	NA	1.3	NA	5	8	13	4	1.1
49777	NA	"LACMPA"	NA	222	NA	""	NA	1	NA	1.3	NA	5	8	24	4.8	2.2
49778	NA	"SCH1ZO"	NA	280	NA	""	NA	1	NA	1.3	NA	5	8	21	4.8	2.6
49779	NA	"VOCHFE"	NA	218	NA	""	NA	1	NA	1.3	NA	5	9	14	2.3	1.5
49780	NA	"VIROSE"	NA	227	NA	""	NA	1	NA	1.3	NA	5	9	22	1	2.5
49781	NA	"TRI4GA"	NA	288	NA	""	NA	1	NA	1.3	NA	5	9	21	3	0.8
49782	NA	"ASPICR"	NA	231	NA	""	NA	1	NA	1.3	NA	5	10	11	3.8	3.1
49783	NA	"SIMAAM"	NA	230	NA	""	NA	1	NA	1.3	NA	5	10	24	3.2	4.7
49785	NA	"HIRTTR"	NA	203	NA	""	NA	1	NA	1.3	NA	5	11	12	4.2	1.9
49786	NA	"CHR2AR"	NA	230	NA	""	NA	1	NA	1.3	NA	5	11	43	4.5	3.1
49787	NA	"TET2PA"	NA	239	NA	""	NA	1	NA	1.3	NA	5	12	11	4.8	0.5
49788	NA	"LINDLA"	NA	202	NA	""	NA	1	NA	1.3	NA	5	12	21	4.1	0.5
49789	NA	"GUARGU"	NA	208	NA	""	NA	1	NA	1.3	NA	5	12	33	3.8	1
49790	NA	"CASECO"	NA	202	NA	""	NA	1	NA	1.3	NA	5	13	21	2.5	4.7
49791	NA	"PEREXA"	NA	200	NA	""	NA	1	NA	1.3	NA	5	13	34	4.8	0.3
49792	NA	"CASSEL"	NA	203	NA	""	NA	1	NA	1.3	NA	5	14	14	4.8	3.3
49795	NA	"TRI2TU"	NA	218	NA	""	NA	1	NA	1.3	NA	5	14	44	1.8	2.1
49797	NA	"HIRTTR"	NA	227	NA	""	NA	1	NA	1.3	NA	8	1	23	3.2	3.2
49798	NA	"TRI2TU"	NA	250	NA	""	NA	1	NA	1.3	NA	8	2	32	4.1	4.5
49799	NA	"QUARPT"	NA	291	NA	""	NA	6	NA	1.3	NA	8	3	44	4.5	0.8
49800	NA	"PROTCO"	NA	282	NA	""	NA	2	NA	1.3	NA	8	4	11	4.6	2.8
49801	NA	"HIRTTR"	NA	201	NA	""	NA	1	NA	1.3	NA	8	7	33	2.5	3.7
49802	NA	"HIRTTR"	NA	223	NA	""	NA	2	NA	1.3	NA	8	8	24	1.9	1.6
49804	NA	"JAC1CO"	NA	233	NA	""	NA	1	NA	1.3	NA	8	9	11	3	4.9
49806	NA	"ALSEBL"	NA	222	NA	""	NA	2	NA	1.3	NA	8	9	22	3.5	3.1
49807	NA	"LINDLA"	NA	203	NA	""	NA	2	NA	1.3	NA	8	9	31	3.3	4.7
49808	NA	"TET2PA"	NA	220	NA	""	NA	2	NA	1.3	NA	8	10	44	4	2.1
49810	NA	"TRI2TU"	NA	201	NA	""	NA	1	NA	1.3	NA	8	11	34	2.1	2.2
49811	NA	"MACRGL"	NA	225	NA	""	NA	1	NA	1.3	NA	8	13	22	1.1	2.8
49812	NA	"HIRTTR"	NA	223	NA	""	NA	1	NA	1.3	NA	8	13	34	4.5	2.1
49903	NA	"TRI2TU"	NA	215	NA	""	NA	1	NA	1.3	NA	7	2	42	1.1	2.1
49904	NA	"TRI2TU"	NA	231	NA	""	NA	1	NA	1.3	NA	7	2	41	4.8	3.5
49906	NA	"TRI2TU"	NA	236	NA	""	NA	1	NA	1.3	NA	7	3	41	4.2	3.1
49907	NA	"GUARGU"	NA	256	NA	""	NA	1	NA	1.3	NA	7	3	23	0.3	2.2
49908	NA	"GUARGU"	NA	247	NA	""	NA	1	NA	1.3	NA	7	3	24	2.3	3.5
49909	NA	"GUARGU"	NA	213	NA	""	NA	1	NA	1.3	NA	7	3	32	1.9	4.8
49910	NA	"POUTRE"	NA	244	NA	""	NA	1	NA	1.3	NA	7	3	44	1.1	4
49912	NA	"CALOLO"	NA	218	NA	""	NA	1	NA	1.3	NA	7	5	14	1.1	2.6
49913	NA	"TRI2TU"	NA	224	NA	""	NA	1	NA	1.3	NA	7	6	21	4.7	1
49914	NA	"XYL1MA"	NA	216	NA	""	NA	1	NA	1.3	NA	7	7	42	4.7	2.5
49916	NA	"VIROSE"	NA	200	NA	""	NA	1	NA	1.3	NA	7	7	12	0.5	3.1
49917	NA	"SCH1ZO"	NA	439	NA	""	NA	1	NA	1.3	NA	7	9	21	4.1	3.1
49921	NA	"MARILA"	NA	220	NA	""	NA	1	NA	1.3	NA	7	13	12	0.5	2.9
49922	NA	"VIROSU"	NA	241	NA	""	NA	1	NA	1.3	NA	7	13	42	2.5	2.5
49924	NA	"TET2PA"	NA	214	NA	""	NA	1	NA	1.3	NA	7	14	11	1.5	1.5
49925	NA	"APEIME"	NA	202	NA	""	NA	1	NA	1.3	NA	7	14	23	0.5	4.1
49926	NA	"MACLTI"	NA	253	NA	""	NA	1	NA	1.3	NA	7	14	41	0.5	1.5
50000	NA	"POUTRE"	NA	271	NA	""	NA	1	NA	1.3	NA	7	2	22	4.2	3.1
