"tag"	"new.tag"	"sp"	"dbh04"	"dbh14"	"code04"	"code14"	"stems04"	"stems14"	"pom04"	"pom14"	"date14"	"col"	"row"	"p5"	"x"	"y"
19286	22303	"ZANTPA"	268	300	""	"P"	NA	1	1.3	1.3	20140619	4	4	14	4.9	17.7
19288	22306	"CORDBI"	228	355	""	"P"	NA	1	1.3	1.3	20140619	4	5	23	8.7	11.5
19290	22307	"NECTCI"	373	432	""	"P"	NA	4	1.3	1.3	20140619	4	6	21	8	3.3
19294	22308	"VIROSU"	269	423	""	"P"	NA	1	1.3	1.3	20140619	4	6	31	13	3.8
19299	22310	"OCOTOB"	349	515	"M"	"P"	NA	1	1.3	3.65	20140619	4	7	23	9.8	10.3
19305	22312	"ALSEBL"	409	480	""	"P"	NA	1	1.3	1.3	20140619	4	8	24	9	15
19422	22318	"ALCHCO"	365	456	"MQ"	"P"	NA	5	1.3	1.3	20140619	4	9	41	19.9	2
17347	22320	"CORDBI"	309	320	""	"P"	NA	1	1.3	1.3	20140619	4	10	44	15.4	17.3
29889	22323	"ZANTP1"	204	324	""	"P"	NA	1	1.3	1.3	20140619	4	13	21	7.8	4.1
29882	22324	"TACHVE"	200	399	""	"P"	NA	1	1.3	1.3	20140619	4	13	12	0.2	5.2
29885	22325	"APEIME"	349	439	""	"P"	NA	1	1.3	1.3	20140619	4	13	14	3.8	18.8
29877	22328	"QUARAS"	288	402	"B"	"P"	NA	1	3.32	3.32	20140619	4	14	34	11.5	19.9
19899	22329	"OCOTOB"	237	445	""	"P"	NA	1	1.3	1.3	20140620	6	0	22	8	9.5
19316	22334	"POUTRE"	576	625	""	"P"	NA	1	1.3	3.45	20140620	6	2	42	19.3	5
19332	22342	"SIMAAM"	377	505	""	"P"	NA	1	1.3	1.3	20140620	6	5	42	15.7	7.7
19337	22343	"POUTRE"	283	400	""	"P"	NA	1	1.3	1.3	20140620	6	6	11	0.02	3
19341	22344	"ZANTP1"	225	340	""	"P"	NA	1	1.3	1.3	20140620	6	6	23	9.7	12
19939	22350	"NECTCI"	234	352	"M"	"P"	NA	4	1.3	1.3	20140620	6	9	42	17	8.5
19354	22365	"CORDAL"	485	520	""	"P"	NA	1	1.3	1.3	20140623	8	2	32	12.2	7.9
19357	22368	"TRI2TU"	221	247	""	"P"	NA	1	1.3	1.3	20140623	8	3	44	19.7	17.8
19368	22373	"INGAFA"	311	500	""	"P"	NA	1	1.3	1.3	20140623	8	6	22	5.5	9.8
19370	22375	"OCOTWH"	613	793	"BM"	"P"	NA	10	1.3	2.9	20140623	8	7	22	7.8	9.2
19375	22377	"NECTCI"	281	66	"M"	"P"	NA	2	1.3	1.3	20140623	8	7	43	16.3	10.7
4479	22378	"ALSEBL"	484	565	""	"P"	NA	1	1.3	1.3	20140623	8	8	14	3.5	18
4480	22379	"JAC1CO"	281	428	""	"P"	NA	1	1.3	1.3	20140623	8	8	14	4.9	18.8
4461	22390	"SIMAAM"	244	395	""	"P"	NA	1	1.3	1.3	20140623	8	11	11	0.8	4.8
4441	22391	"ALSEBL"	484	510	""	"P"	NA	1	1.3	1.3	20140623	8	14	32	11.3	9.9
4442	22392	"HURACR"	993	1080	""	"P"	NA	1	1.3	1.3	20140623	8	14	33	10.3	11.2
4447	22393	"QUARAS"	255	329	""	"P"	NA	1	1.3	1.3	20140623	8	14	21	5.2	0.2
4463	22396	"JAC1CO"	246	410	""	"P"	NA	1	1.3	1.3	20140623	8	11	13	0.7	14.4
23919	22398	"TRI2TU"	633	550	""	"P"	NA	1	1.3	1.3	20140623	9	12	23	6.3	11.8
19844	48909	"CEIBPE"	774	990	"B"	"P"	NA	1	1.3	4.2	20140620	7	1	22	8.2	9.7
19850	48912	"SIMAAM"	375	533	""	"P"	NA	1	1.3	1.3	20140620	7	2	23	5.2	10.3
19851	48913	"TAB2AR"	209	209	"Q"	"P"	NA	1	1.3	1.3	20140620	7	2	14	4.7	17.3
19863	48916	"CASESY"	306	402	""	"P"	NA	1	1.3	1.3	20140620	7	4	22	8	6.2
19867	48917	"DRYPST"	326	428	"M"	"P"	NA	2	1.3	1.3	20140620	7	4	44	18.9	15.5
19873	48919	"ENTESC"	1302	1084	"B"	"P"	NA	1	1.3	1.95	20140620	7	5	33	10.3	10.8
19888	48928	"TAB2AR"	205	307	""	"P"	NA	1	1.3	1.3	20140620	7	8	23	6	10.9
19889	48933	"QUARAS"	282	280	""	"P"	NA	1	1.3	3.45	20140620	7	8	34	12.8	17
17348	48935	"CECRIN"	298	360	"B"	"P"	NA	1	2.9	2.9	20140620	7	9	13	3	12
17350	48936	"OCOTOB"	205	400	""	"P"	NA	1	1.3	1.3	20140620	7	9	23	5.8	14.8
17367	48940	"UNK?"	362	359	""	"P"	NA	1	1.3	1.3	20140620	7	11	32	12	8
17373	48944	"ALSEBL"	243	268	""	""	NA	1	1.3	1.3	20140620	7	12	42	18	9.7
17378	48947	"ZANTBE"	275	473	""	"P"	NA	1	1.3	1.3	20140620	7	14	11	4	4.7
17381	48948	"LACMPA"	360	470	""	"P"	NA	1	1.3	1.3	20140620	7	14	22	9	8
23944	49372	"DENDAR"	561	605	""	""	NA	1	1.3	1.3	20140618	0	1	14	2	17
19397	49375	"NECTCI"	287	58	"M"	"P"	NA	3	1.3	1.3	20140618	0	3	41	16	3
4334	49379	"NECTCI"	345	32	"M"	"P"	NA	3	1.3	1.3	20140618	0	6	11	0.2	4.1
4378	49395	"GUATDU"	454	529	""	"P"	NA	1	1.3	3.35	20140618	0	14	42	18.9	5.1
19270	49396	"OCOTOB"	237	378	""	"P"	NA	1	1.3	1.3	20140619	4	1	42	19.7	7.3
19395	49604	"OCOTOB"	351	440	"M"	"P"	NA	2	1.3	1.3	20140618	1	1	42	19.4	6.5
19717	49610	"CORDAL"	383	435	""	"P"	NA	1	1.3	3.4	20140618	1	2	32	14.9	9.7
19731	49617	"BEILPE"	345	550	""	"P"	NA	1	1.3	1.3	20140618	1	6	14	0.3	15.3
19734	49619	"VIROSE"	362	454	""	"P"	NA	1	1.3	1.3	20140618	1	6	34	12.1	18.8
19737	49620	"LACMPA"	213	232	""	"P"	NA	1	1.3	1.3	20140618	1	6	44	17.8	17.2
19739	49621	"BEILPE"	365	524	""	"P"	NA	1	1.3	1.3	20140618	1	7	24	9	18
19742	49623	"HURACR"	245	395	""	"P"	NA	1	1.3	1.3	20140618	1	7	41	18.8	3
19741	49624	"GUATDU"	213	348	""	"P"	NA	1	1.3	1.3	20140618	1	7	44	18	15.3
19412	49625	"GUATDU"	226	229	""	"P"	NA	1	1.3	1.3	20140618	1	8	41	16.5	4.9
17270	49626	"CASEAR"	315	442	""	"P"	NA	1	1.3	1.3	20140618	1	8	12	4.8	9.9
19388	49646	"APEIME"	552	340	""	"P"	NA	2	1.3	1.3	20140619	3	0	22	7.2	6.3
19389	49647	"LONCLA"	266	384	""	"P"	NA	1	1.3	1.3	20140619	3	0	41	17	4
19744	49648	"NECTCI"	209	155	"M"	"P"	NA	3	1.3	1.3	20140619	3	1	21	5.3	1.9
19759	49655	"ALSEBL"	310	310	""	"P"	NA	1	1.3	1.3	20140619	3	3	41	18.8	0.01
19760	49656	"TRI2TU"	295	310	""	"P"	NA	1	1.3	1.3	20140619	3	4	21	9	1.9
19762	49658	"NECTCI"	227	NA	"M"	"P"	NA	1	1.3	1.3	20140619	3	4	34	10.1	15
19769	49661	"INGAMA"	296	485	"MQ"	"P"	NA	1	1.3	1.3	20140619	3	5	43	19.8	13.2
19783	49665	"SIMAAM"	241	305	""	"P"	NA	1	1.3	1.3	20140619	3	7	14	1.3	16
19789	49666	"ZANTBE"	438	542	""	"P"	NA	1	1.3	1.3	20140619	3	7	42	15.7	7.7
19793	49668	"TACHVE"	203	458	""	"P"	NA	1	1.3	3.35	20140619	3	8	23	5.1	10.1
17321	49671	"TET2PA"	415	432	""	""	NA	1	1.3	1.3	20140619	3	11	23	7	11
17323	49672	"OCOTPU"	322	489	""	"P"	NA	1	1.3	1.3	20140619	3	11	42	16	9.7
17308	49676	"VIROSE"	273	314	""	"P"	NA	1	1.3	1.3	20140619	3	13	42	19	6
17301	49677	"ALSEBL"	322	375	"B"	"P"	NA	1	3.13	3.13	20140619	3	14	43	19.9	10.3
17298	49678	"GUAZUL"	420	485	"B"	"P"	NA	1	3.25	3.25	20140619	3	14	34	13	17
19895	49679	"OCOTOB"	264	420	""	"P"	NA	1	1.3	1.3	20140620	5	0	44	18.8	19.8
19812	49685	"GUAPST"	383	384	""	"P"	NA	1	1.3	3.25	20140620	5	3	44	19.8	18.1
19813	49686	"ZANTP1"	202	359	""	"P"	NA	1	1.3	1.3	20140620	5	3	42	18.3	9.9
19822	49690	"APEIME"	229	413	""	"P"	NA	1	1.3	1.3	20140620	5	5	23	5.8	10.1
19831	49691	"OCOTOB"	359	397	""	"P"	NA	1	1.3	3.35	20140620	5	6	11	4.2	4.9
19835	49692	"ALSEBL"	252	303	""	"P"	NA	1	1.3	1.3	20140620	5	6	31	12.1	3.8
19837	49693	"ZANTP1"	448	562	""	"P"	NA	1	1.3	1.3	20140620	5	6	41	18.5	4.3
4401	49704	"ALCHCO"	337	38	"M"	"P,R"	NA	1	1.3	1.3	20140620	5	11	43	19.2	11.7
4388	49705	"CORDLA"	280	52	""	"R,P"	NA	1	1.3	1.3	20140620	5	12	13	1.2	10.1
4391	49707	"ZANTPR"	242	259	""	"L,P"	NA	1	1.3	1.3	20140620	5	12	23	8	11
4392	49708	"CORDAL"	364	382	""	"P"	NA	1	1.3	4.95	20140620	5	12	31	11	1
23985	49713	"JAC1CO"	654	712	""	"P"	NA	1	1.3	1.3	20140623	9	0	23	8.6	10.7
19908	49718	"DIPTPA"	544	602	"B"	"P"	NA	1	1.3	3.45	20140623	9	2	12	1	9.9
19917	49721	"TERMAM"	590	590	"B"	"P,Q"	NA	1	1.3	3.65	20140623	9	4	41	16	3
19925	49732	"NECTCI"	215	298	""	"P"	NA	2	1.3	1.3	20140623	9	6	31	10.1	4.9
19929	49735	"NECTCI"	250	75	"M"	"R,P"	NA	5	1.3	1.3	20140623	9	7	14	0.2	19.8
4488	49736	"NECTCI"	318	39	"M"	"R,P"	NA	5	1.3	1.3	20140623	9	7	22	9.7	5.2
4489	49737	"NECTCI"	237	34	"M"	"R,P"	NA	4	1.3	1.3	20140623	9	7	32	10.6	7
4490	49738	"JAC1CO"	457	518	"M"	"P"	NA	1	1.3	1.3	20140623	9	7	34	13.2	17.2
4491	49739	"JAC1CO"	504	623	""	"P"	NA	1	1.3	1.3	20140623	9	7	34	14.9	18
4496	49741	"BEILPE"	300	325	""	"P"	NA	1	1.3	3.8	20140623	9	8	14	4.8	16.2
23935	49743	"JAC1CO"	430	530	""	"P"	NA	1	1.3	1.3	20140623	9	10	34	13	16.6
23929	49744	"ALSEBL"	323	331	"Q"	"P"	NA	1	1.3	1.3	20140623	9	11	31	11.2	2.3
4333	NA	"JAC1CO"	584	684	""	""	NA	1	1.3	1.3	20140618	0	6	11	0.3	0.3
4335	NA	"TET2PA"	296	317	""	""	NA	1	1.3	1.3	20140618	0	6	13	2.4	10.1
4336	NA	"TAB2AR"	514	NA	"Q"	"N"	NA	NA	1.3	NA	20140618	0	6	13	2.1	10.2
4337	NA	"ALSEBL"	278	330	""	""	NA	1	1.3	1.3	20140618	0	7	11	4	1.8
4338	NA	"TRI2TU"	307	391	""	""	NA	1	1.3	1.3	20140618	0	7	12	2.2	8.3
4339	NA	"TET2PA"	205	NA	""	"N"	NA	NA	1.3	NA	20140618	0	7	13	0.4	10.1
4340	NA	"CEIBPE"	0	1740	"B"	""	NA	1	7.17	6.75	20140618	0	7	23	8.4	10.1
4341	NA	"TRI2TU"	453	475	"Q"	""	NA	1	1.3	1.3	20140618	0	7	33	10.4	10.1
4342	NA	"TRI2TU"	360	NA	"Q"	"N"	NA	NA	1.3	NA	20140618	0	7	34	14	15.1
4343	NA	"TACHVE"	330	383	""	""	NA	1	1.3	3.25	20140618	0	8	12	2.2	9.9
4344	NA	"ALSEBL"	584	590	"B"	""	NA	1	3.42	3.42	20140618	0	8	14	3	18.4
4345	NA	"TAB2AR"	284	365	""	""	NA	1	1.3	1.3	20140618	0	8	24	9.2	17.4
4346	NA	"GUSTSU"	230	235	""	""	NA	1	1.3	1.3	20140618	0	8	24	7.5	15.3
4347	NA	"BEILPE"	416	NA	"Q"	"S"	NA	NA	1.3	NA	20140618	0	9	11	4.9	1.9
4348	NA	"APEIME"	266	324	""	""	NA	1	1.3	1.3	20140618	0	9	23	7.2	11
4349	NA	"TAB1RO"	205	215	""	""	NA	1	1.3	1.3	20140618	0	9	31	11	2.8
4350	NA	"SWARS1"	210	NA	""	"N"	NA	NA	1.3	NA	20140618	0	9	32	14.8	9
4351	NA	"UNK?"	261	265	""	""	NA	1	1.3	1.3	20140618	0	9	44	15.9	15.7
4352	NA	"CECRIN"	319	NA	""	"C"	NA	NA	1.3	NA	20140618	0	10	11	3	1.2
4353	NA	"CECRIN"	226	NA	""	"C"	NA	NA	1.3	NA	20140618	0	10	11	2.2	4.9
4354	NA	"VIROSE"	344	NA	""	"S"	NA	NA	1.3	NA	20140618	0	10	13	4.7	11.7
4355	NA	"ZANTP1"	440	503	""	""	NA	1	1.3	1.3	20140618	0	10	23	8.5	14.8
4356	NA	"UNK?"	206	207	""	""	NA	1	1.3	1.3	20140618	0	10	23	7	11.2
4357	NA	"APEIME"	352	NA	""	"S"	NA	NA	1.3	NA	20140618	0	10	31	14.6	4.9
4358	NA	"NECTCI"	336	NA	"MQ"	"C"	NA	NA	1.3	NA	20140618	0	10	33	11	10.4
4359	NA	"ALSEBL"	211	222	""	""	NA	1	1.3	1.3	20140618	0	10	33	10.3	13.7
4360	NA	"GUARGU"	228	NA	""	"C"	NA	NA	1.3	NA	20140618	0	10	43	19.9	11.9
4361	NA	"ALSEBL"	240	255	""	""	NA	1	1.3	1.3	20140618	0	11	11	1.4	1.3
4362	NA	"APEIME"	261	270	"Q"	""	NA	1	1.3	1.3	20140618	0	11	11	4.9	1.2
4363	NA	"TAB2AR"	204	260	""	""	NA	1	1.3	1.3	20140618	0	11	23	9	12
4364	NA	"GUSTSU"	243	NA	""	"N"	NA	NA	1.3	NA	20140618	0	11	32	14.5	9.9
4365	NA	"CECRPE"	203	220	""	""	NA	1	1.3	1.3	20140618	0	11	43	17	13.7
4366	NA	"ALSEBL"	268	268	""	""	NA	1	1.3	1.3	20140618	0	12	13	4	11.4
4367	NA	"GUARGR"	520	575	"Q"	""	NA	1	1.3	1.3	20140618	0	12	24	9.2	15.1
4368	NA	"INGAMA"	478	NA	""	"C"	NA	NA	1.3	NA	20140618	0	12	32	11.8	5.4
4369	NA	"ALSEBL"	235	240	""	""	NA	1	1.3	1.3	20140618	0	12	43	16	12.5
4370	NA	"CECRIN"	326	NA	"B"	"C"	NA	NA	3.49	NA	20140618	0	12	41	19.4	1.3
4371	NA	"POUTSP"	286	360	""	""	NA	1	1.3	1.3	20140618	0	13	12	0.2	8.8
4372	NA	"TRI2TU"	308	339	""	""	NA	1	1.3	1.3	20140618	0	13	13	4.3	14.2
4373	NA	"MACRGL"	265	336	"M"	""	NA	3	1.3	1.3	20140618	0	13	14	3	19.1
4374	NA	"UNK?"	385	NA	""	"S"	NA	NA	1.3	NA	20140618	0	13	24	8.4	19
4375	NA	"ALSEBL"	214	245	""	""	NA	1	1.3	1.3	20140618	0	13	42	19	5.6
4376	NA	"DIPTPA"	879	719	""	""	NA	1	1.3	4.75	20140618	0	14	31	13	2
4377	NA	"HASSFL"	256	270	"Q"	""	NA	1	1.3	1.3	20140618	0	14	43	18	11
4379	NA	"TRI2TU"	450	NA	""	"C"	NA	NA	1.3	NA	20140620	5	14	12	0.3	9
4380	NA	"EUGEOE"	203	398	""	""	NA	1	1.3	1.3	20140620	5	14	14	1.7	17.8
4381	NA	"UNK?"	268	NA	""	"N"	NA	NA	1.3	NA	20140620	5	14	41	18	0.2
4382	NA	"CORDBI"	390	424	""	""	NA	1	1.3	1.3	20140620	5	14	42	16.2	5.2
4383	NA	"ALSEBL"	201	230	""	""	NA	1	1.3	1.3	20140620	5	14	32	14	8.7
4384	NA	"TAB2AR"	570	NA	""	"C"	NA	NA	1.3	NA	20140620	5	14	43	17	12.7
4385	NA	"PROTTE"	254	254	"Q"	"P"	NA	1	3.17	1.3	20140620	5	13	14	0.4	16.8
4385	NA	"TET2PA"	0	NA	"B"	"C"	NA	NA	3.17	NA	20140620	5	14	34	14	18.7
4386	NA	"TET2PA"	222	NA	""	"S"	NA	NA	1.3	NA	20140620	5	13	21	9	2.6
4387	NA	"VIROSE"	208	NA	""	"N"	NA	NA	1.3	NA	20140620	5	13	33	12	12.2
4389	NA	"TRATAS"	280	443	""	""	NA	1	1.3	1.3	20140620	5	12	14	0.4	19.3
4390	NA	"CORDBI"	305	334	""	""	NA	1	1.3	1.3	20140620	5	12	23	8.8	13
4393	NA	"UNK?"	309	NA	"B"	"N"	NA	NA	3.14	NA	20140620	5	12	22	9.7	6
4394	NA	"ALSEBL"	358	365	""	""	NA	1	1.3	1.3	20140620	5	12	33	11	12.8
4395	NA	"ALSEBL"	296	322	""	""	NA	1	1.3	1.3	20140620	5	12	42	17.5	5.6
4396	NA	"JAC1CO"	833	NA	""	"C"	NA	NA	1.3	NA	20140620	5	12	41	19.8	2.1
4397	NA	"TAB2AR"	200	261	""	""	NA	1	1.3	1.3	20140620	5	11	11	0.6	1.7
4398	NA	"ZANTP1"	230	259	""	""	NA	1	1.3	1.3	20140620	5	11	14	0.5	16
4399	NA	"JAC1CO"	604	713	""	""	NA	1	1.3	1.3	20140620	5	11	14	3	19
4400	NA	"UNK?"	380	412	""	""	NA	1	1.3	1.3	20140620	5	11	43	15.2	12.2
4402	NA	"CECRIN"	516	NA	"BM"	"C"	NA	NA	3.89	NA	20140620	5	11	42	19.2	7.3
4403	NA	"INGAMA"	436	NA	"M"	"S"	NA	NA	1.3	NA	20140620	5	11	42	16	7
4404	NA	"CORDBI"	274	304	""	""	NA	1	1.3	1.3	20140620	5	11	42	16.6	5.1
4405	NA	"ALCHCO"	304	NA	"M"	"C"	NA	NA	1.3	NA	20140620	5	11	41	17	2
4406	NA	"TAB2AR"	245	344	""	""	NA	1	1.3	1.3	20140620	5	10	11	4	3
4407	NA	"HURACR"	345	490	""	""	NA	1	1.3	1.3	20140620	5	10	14	3	19
4408	NA	"ALCHCO"	363	368	""	""	NA	1	1.3	1.3	20140620	5	10	23	6.6	13.5
4409	NA	"CASEAR"	250	261	""	"Q"	NA	1	1.3	1.3	20140620	5	10	22	8.3	5.1
4410	NA	"TRATAS"	319	NA	""	"C"	NA	NA	1.3	NA	20140620	6	10	24	5.2	19.8
4411	NA	"JAC1CO"	559	580	"Q"	""	NA	1	1.3	1.3	20140620	6	10	34	12.2	19.8
4412	NA	"CORDBI"	282	328	""	""	NA	1	1.3	1.3	20140620	6	10	22	9.3	7.8
4413	NA	"PLA2EL"	210	218	"Q"	""	NA	1	1.3	1.3	20140620	6	10	32	12.1	8.5
4414	NA	"CORDBI"	205	NA	""	"N"	NA	NA	1.3	NA	20140620	6	10	31	11.5	4.8
4415	NA	"UNK?"	366	NA	"Q"	"C"	NA	NA	1.3	NA	20140620	6	11	33	12.2	11
4416	NA	"LUEHSE"	292	366	"B"	""	NA	2	3.1	3.1	20140620	6	11	41	15.2	0.1
4417	NA	"ALSEBL"	225	NA	"Q"	"S"	NA	NA	1.3	NA	20140620	6	11	41	16	4
4418	NA	"CORDAL"	394	NA	""	"C"	NA	NA	1.3	NA	20140620	6	12	11	0.2	1.2
4419	NA	"GUSTSU"	380	382	"Q"	"Q"	NA	1	1.3	1.3	20140620	6	12	13	4.9	13.7
4420	NA	"ALSEBL"	458	520	"B"	""	NA	1	3.22	3.22	20140620	6	12	24	8	17.5
4421	NA	"INGASA"	281	335	"M"	""	NA	6	1.3	1.3	20140620	6	13	11	2.1	0.8
4422	NA	"CORDBI"	418	450	""	""	NA	1	1.3	1.3	20140620	6	13	13	0.7	14.2
4423	NA	"CORDBI"	292	NA	""	"N"	NA	NA	1.3	NA	20140620	6	13	14	0.1	16
4424	NA	"HURACR"	232	265	""	""	NA	1	1.3	1.3	20140620	6	13	14	2.8	17.5
4425	NA	"JAC1CO"	879	NA	""	"N"	NA	NA	1.3	NA	20140620	6	13	24	6.8	18.7
4426	NA	"VIROSE"	325	326	""	""	NA	1	1.3	1.3	20140620	6	13	31	14	2
4427	NA	"ALSEBL"	230	NA	""	"C"	NA	NA	1.3	NA	20140620	6	13	33	10.1	10.9
4428	NA	"LONCLA"	295	NA	""	"C"	NA	NA	1.3	NA	20140620	6	13	44	18.2	18
4429	NA	"VIROSE"	320	NA	""	"N"	NA	NA	1.3	NA	20140620	6	13	44	15.2	15.1
4430	NA	"CORDBI"	259	NA	""	"C"	NA	NA	1.3	NA	20140620	6	13	42	17.8	8
4431	NA	"VIROSE"	284	NA	""	"N"	NA	NA	1.3	NA	20140620	6	14	11	4.9	3.3
4432	NA	"ZANTBE"	478	555	""	""	NA	1	1.3	1.3	20140620	6	14	12	2.2	8
4433	NA	"ZANTPR"	278	NA	"M"	"S"	NA	NA	1.3	NA	20140620	6	14	13	2.2	11.8
4434	NA	"VIROSE"	262	297	"Q"	""	NA	1	1.3	1.3	20140620	6	14	23	7.2	10.1
4435	NA	"ADE1TR"	235	NA	"M"	"C"	NA	NA	1.3	NA	20140620	6	14	32	13.4	5.7
4436	NA	"ALSEBL"	244	261	""	""	NA	1	1.3	1.3	20140620	6	14	34	14.9	17.2
4437	NA	"DENDAR"	286	338	""	""	NA	1	1.3	1.3	20140620	6	14	44	19	16
4438	NA	"HURACR"	1013	1025	""	""	NA	1	1.3	1.3	20140620	6	14	43	18.5	10.3
4439	NA	"GUATDU"	395	NA	""	"N"	NA	NA	1.3	NA	20140620	6	14	42	16.8	5.7
4440	NA	"QUARAS"	340	402	"B"	""	NA	1	3.22	3.22	20140623	8	14	14	2	17.3
4443	NA	"TRI2TU"	306	347	""	""	NA	1	1.3	1.3	20140623	8	14	33	11	14.8
4444	NA	"POUTFO"	356	400	""	""	NA	1	1.3	1.3	20140623	8	14	34	11.2	19.8
4445	NA	"GUSTSU"	307	310	""	""	NA	1	1.3	1.3	20140623	8	14	43	19.8	12.9
4446	NA	"ALSEBL"	357	440	""	""	NA	1	1.3	1.3	20140623	8	13	12	4	8.5
4448	NA	"HURACR"	1020	1060	""	""	NA	1	1.3	1.3	20140623	8	13	14	3.5	18.7
4449	NA	"TET2PA"	542	549	""	""	NA	1	1.3	1.3	20140623	8	13	22	9.6	9.8
4450	NA	"VIROSE"	254	255	""	""	NA	1	1.3	1.3	20140623	8	13	21	6	4.9
4451	NA	"GUATDU"	243	245	""	""	NA	1	1.3	1.3	20140623	8	13	21	8.2	4.6
4452	NA	"TRI2TU"	307	NA	""	"S"	NA	NA	1.3	NA	20140623	8	13	33	10.2	14.8
4453	NA	"TRI2TU"	444	450	""	""	NA	1	1.3	1.3	20140623	8	13	41	17.2	0.3
4454	NA	"ALSEBL"	299	335	""	""	NA	1	1.3	1.3	20140623	8	12	11	4.9	1.8
4455	NA	"CHR2AR"	293	295	""	""	NA	1	1.3	1.3	20140623	8	12	22	7.7	7.2
4456	NA	"VIROSU"	228	288	""	""	NA	1	1.3	1.3	20140623	8	12	41	16	4.2
4457	NA	"CASSEL"	345	375	""	"Q"	NA	1	1.3	1.3	20140623	8	12	33	10.2	12.1
4458	NA	"ALSEBL"	304	369	""	""	NA	1	1.3	1.3	20140623	8	12	34	12	18
4459	NA	"TRI2TU"	383	NA	""	"S"	NA	NA	1.3	NA	20140623	8	12	44	16	19.2
4460	NA	"HEISCO"	307	NA	"Q"	"C"	NA	NA	1.3	NA	20140623	8	12	42	19	7.5
4462	NA	"SIMAAM"	212	250	""	""	NA	1	1.3	1.3	20140623	8	11	12	2.2	9
4464	NA	"PLA2EL"	1072	940	""	""	NA	1	1.3	4.1	20140623	8	11	14	0.38	16.6
4465	NA	"ALSEBL"	680	595	""	""	NA	1	1.3	4.2	20140623	8	11	22	7.2	9.2
4466	NA	"LINDLA"	210	207	""	""	NA	2	1.3	1.3	20140623	8	11	22	6.8	6
4467	NA	"GUAPST"	508	508	""	"P,EM"	NA	1	1.3	1.3	20140623	8	11	34	11	15.6
4468	NA	"POUTRE"	315	392	""	""	NA	1	1.3	1.3	20140623	8	11	34	14	18.5
4469	NA	"VIROSE"	265	300	""	""	NA	1	1.3	1.3	20140623	8	10	11	1.9	4.7
4470	NA	"DENDAR"	280	300	""	""	NA	1	1.3	1.3	20140623	8	10	32	14.8	9.8
4471	NA	"CORDBI"	315	360	""	""	NA	1	1.3	1.3	20140623	8	10	43	18.3	13.2
4472	NA	"CECRIN"	340	NA	"B"	"N"	NA	NA	3.18	NA	20140623	8	10	41	15.6	1
4473	NA	"CALOLO"	748	NA	""	"C"	NA	NA	1.3	NA	20140623	8	9	14	4.9	15.2
4474	NA	"ALSEBL"	398	495	""	""	NA	1	1.3	1.3	20140623	8	9	14	4.5	17.4
4475	NA	"LACMPA"	376	NA	""	"N"	NA	NA	1.3	NA	20140623	8	9	23	9.2	12.2
4476	NA	"CORDBI"	236	NA	""	"S"	NA	NA	1.3	NA	20140623	8	9	32	14	5.8
4477	NA	"JAC1CO"	318	408	""	""	NA	1	1.3	1.3	20140623	8	9	33	12.2	14.9
4478	NA	"VIROSE"	244	265	""	""	NA	1	1.3	1.3	20140623	8	9	43	19	11.2
4481	NA	"HURACR"	1525	1563	""	""	NA	1	1.3	1.3	20140623	8	8	42	15.7	8
4482	NA	"SYMPGL"	353	435	""	""	NA	1	1.3	1.3	20140623	8	8	42	15.2	7.5
4483	NA	"GUATDU"	370	415	""	""	NA	1	1.3	1.3	20140623	8	8	42	17.5	5.2
4484	NA	"OCOTOB"	265	305	""	""	NA	1	1.3	1.3	20140623	8	8	44	19.9	15.8
4485	NA	"PLA2EL"	1169	930	""	""	NA	1	1.3	5.1	20140623	8	8	44	17.2	17.3
4486	NA	"CORDBI"	209	229	""	""	NA	1	1.3	1.3	20140623	9	7	23	7.5	11
4487	NA	"NECTCI"	206	41	""	"R"	NA	3	1.3	1.3	20140623	9	7	23	8.6	11
4492	NA	"ZANTBE"	479	555	""	""	NA	1	1.3	1.3	20140623	9	7	43	15.2	12.1
4493	NA	"ALSEBL"	445	440	""	""	NA	1	1.3	2.35	20140623	9	7	41	16.7	0.8
4494	NA	"DENDAR"	240	254	""	""	NA	1	1.3	1.3	20140623	9	8	11	2.2	4.8
4495	NA	"GUSTSU"	237	240	""	""	NA	1	1.3	1.3	20140623	9	8	12	2.2	8.2
4497	NA	"TERMAM"	630	746	"B"	""	NA	1	3.63	3.63	20140623	9	8	23	9.9	12.8
4498	NA	"TET2PA"	241	244	""	""	NA	1	1.3	1.3	20140623	9	8	23	9.5	12.5
4499	NA	"SLOATE"	336	255	""	""	NA	1	1.3	3.3	20140623	9	8	21	5.1	0.8
4500	NA	"TET2PA"	472	433	""	""	NA	1	1.3	3.35	20140623	9	8	31	12	3
17269	NA	"TAB2AR"	479	NA	"BQ"	"S"	NA	NA	3	NA	20140618	1	8	12	0.2	6.4
17271	NA	"VIROSE"	245	253	""	""	NA	1	1.3	1.3	20140618	1	8	13	0.8	11
17272	NA	"TRI2TU"	412	NA	""	"S"	NA	NA	1.3	NA	20140618	1	9	12	4	9.9
17273	NA	"VIROSE"	237	NA	""	"C"	NA	NA	1.3	NA	20140618	1	9	14	1.8	18
17275	NA	"TRI2TU"	290	NA	"B"	"C"	NA	NA	3	NA	20140618	1	9	23	7.2	12.8
17276	NA	"ALSEBL"	313	337	""	""	NA	1	1.3	1.3	20140618	1	9	41	15.1	2.5
17277	NA	"CECRIN"	228	NA	""	"S"	NA	NA	1.3	NA	20140618	1	10	34	13	19
17278	NA	"ZANTBE"	667	NA	""	"S"	NA	NA	1.3	NA	20140618	1	10	34	14	15.3
17279	NA	"OCOTOB"	366	NA	""	"S"	NA	NA	1.3	NA	20140618	1	10	31	11	2.3
17280	NA	"OCOTOB"	343	405	""	""	NA	1	1.3	3.8	20140618	1	10	42	19.9	7.1
17281	NA	"SIMAAM"	368	NA	""	"C"	NA	NA	1.3	NA	20140618	1	10	44	19.8	17
17282	NA	"VIROSE"	203	NA	""	"N"	NA	NA	1.3	NA	20140618	1	11	21	5.8	4.3
17283	NA	"POUTRE"	712	754	""	""	NA	1	1.3	3.05	20140618	1	11	21	5.1	4.9
17284	NA	"ALSEBL"	220	NA	""	"S"	NA	NA	1.3	NA	20140618	1	12	12	1	8
17285	NA	"ZANTP1"	414	500	""	""	NA	1	1.3	1.3	20140618	1	12	31	14.9	0.1
17286	NA	"TAB2AR"	211	310	""	""	NA	1	1.3	1.3	20140618	1	12	42	19	9
17287	NA	"STERAP"	275	280	""	""	NA	1	1.3	1.3	20140618	1	12	43	19.8	12
17288	NA	"UNK?"	218	222	""	"Q"	NA	2	1.3	1.3	20140618	1	12	43	16.2	12
17289	NA	"APEIME"	275	278	""	""	NA	1	1.3	1.3	20140618	1	13	11	4.9	4.1
17290	NA	"ALSEBL"	273	300	""	""	NA	1	1.3	1.3	20140618	1	13	23	9	12.3
17291	NA	"ZANTP1"	207	245	""	""	NA	1	1.3	1.3	20140618	1	14	12	0.2	6.6
17292	NA	"TRI2TU"	424	NA	""	"C"	NA	NA	1.3	NA	20140618	1	14	14	0.1	19
17293	NA	"GUATDU"	364	NA	"B"	"C"	NA	NA	3.33	NA	20140618	1	14	21	9	2.5
17294	NA	"JAC1CO"	741	838	""	""	NA	1	1.3	1.3	20140618	1	14	31	10.2	2.2
17295	NA	"CORDBI"	292	NA	""	"N"	NA	NA	1.3	NA	20140618	1	14	31	14.8	1.5
17296	NA	"TRI2TU"	492	NA	""	"C"	NA	NA	1.3	NA	20140618	1	14	33	11	13.4
17297	NA	"BROSAL"	1700	1730	"B"	""	NA	1	3.25	3.25	20140619	3	14	22	7	7
17299	NA	"SLOATE"	207	210	"L"	""	NA	1	1.3	1.3	20140619	3	14	41	17	4
17300	NA	"TRI2TU"	236	280	""	""	NA	1	1.3	1.3	20140619	3	14	42	19.2	9
17302	NA	"OCOTOB"	280	324	""	""	NA	1	1.3	1.3	20140619	3	13	11	1	1
17303	NA	"ALSEBL"	558	492	"B"	""	NA	1	3.4	3.4	20140619	3	13	14	2.4	19.8
17304	NA	"CORDBI"	252	284	""	""	NA	1	1.3	1.3	20140619	3	13	24	8.2	17.5
17305	NA	"PROTTE"	205	293	""	""	NA	1	1.3	1.3	20140619	3	13	23	8	13.2
17306	NA	"CASESY"	227	NA	"M"	"S"	NA	NA	1.3	NA	20140619	3	13	23	8.3	10.4
17307	NA	"TAB2AR"	304	304	"M"	""	NA	2	1.3	1.3	20140619	3	13	21	9	3.2
17309	NA	"QUARAS"	220	302	""	""	NA	1	1.3	1.3	20140619	3	12	11	0.8	0.3
17310	NA	"QUARAS"	222	235	""	""	NA	1	1.3	1.3	20140619	3	12	13	1	10.8
17311	NA	"ALSEBL"	440	444	""	""	NA	1	1.3	1.3	20140619	3	12	24	8.2	19.3
17312	NA	"TET2PA"	468	518	""	""	NA	1	1.3	3.9	20140619	3	12	21	8.5	4.7
17313	NA	"NECTCI"	235	250	"M"	""	NA	1	1.3	1.3	20140619	3	12	33	13.8	10.8
17314	NA	"NECTCI"	322	368	""	"Q"	NA	3	1.3	1.3	20140619	3	12	33	10.7	11.2
17315	NA	"CORDBI"	281	NA	""	"C"	NA	NA	1.3	NA	20140619	3	12	41	18	2
17316	NA	"VIROSE"	292	324	""	""	NA	1	1.3	1.3	20140619	3	12	41	16	1
17319	NA	"POUTRE"	431	448	"B"	""	NA	1	3.3	3.3	20140619	3	11	11	0.8	1.2
17320	NA	"TAB2AR"	333	NA	""	"S"	NA	NA	1.3	NA	20140619	3	11	13	3	11
17322	NA	"SCHIPA"	349	423	""	""	NA	1	1.3	1.3	20140619	3	11	21	7	1
17324	NA	"ALSEBL"	355	309	""	""	NA	1	1.3	3	20140619	3	10	11	2	4.9
17325	NA	"TAB2AR"	716	NA	""	"S"	NA	NA	1.3	NA	20140619	3	10	13	3.2	14.8
17326	NA	"UNK?"	672	689	""	""	NA	1	1.3	3.05	20140619	3	10	24	7	19
17327	NA	"VIROSE"	298	NA	""	"S"	NA	NA	1.3	NA	20140619	3	10	23	7.2	14.9
17328	NA	"ALSEBL"	222	237	""	""	NA	1	1.3	1.3	20140619	3	10	32	11.5	9.6
17329	NA	"ALSEBL"	260	281	""	""	NA	1	1.3	1.3	20140619	3	10	43	19	13.4
17330	NA	"GUATDU"	495	NA	""	"C"	NA	NA	1.3	NA	20140619	3	9	13	0.4	14
17331	NA	"ALSEBL"	365	NA	""	"C"	NA	NA	1.3	NA	20140619	3	9	14	1	19
17332	NA	"CHR2AR"	383	412	""	""	NA	1	1.3	1.3	20140619	3	9	44	17	19.9
17333	NA	"UNK?"	321	339	""	""	NA	1	1.3	1.3	20140619	4	11	13	0.2	10.6
17334	NA	"VIROSE"	202	225	"Q"	""	NA	1	1.3	1.3	20140619	4	11	24	8	19
17335	NA	"CORDBI"	233	299	""	""	NA	1	1.3	1.3	20140619	4	11	23	8.5	14.8
17336	NA	"CORDBI"	394	399	""	""	NA	1	1.3	1.3	20140619	4	11	22	7	6
17337	NA	"TAB2AR"	413	433	""	""	NA	1	1.3	1.3	20140619	4	11	21	6	1.7
17338	NA	"APEIME"	308	320	""	""	NA	1	1.3	1.3	20140619	4	11	32	10.6	6
17339	NA	"ZANTBE"	625	705	""	""	NA	1	1.3	1.3	20140619	4	11	32	11	8
17340	NA	"CECRIN"	372	NA	"B"	"S"	NA	NA	3.25	NA	20140619	4	11	33	10.5	10.8
17341	NA	"VIROSE"	274	295	""	""	NA	1	1.3	1.3	20140619	4	10	12	1	6
17342	NA	"CORDBI"	333	NA	""	"N"	NA	NA	1.3	NA	20140619	4	10	13	1	12
17343	NA	"CORDBI"	201	253	""	""	NA	1	1.3	1.3	20140619	4	10	32	10.3	9
17344	NA	"ZANTPR"	307	NA	"Q"	"N"	NA	NA	1.3	NA	20140619	4	10	33	11	12.8
17345	NA	"VITEX"	223	236	"M"	""	NA	2	1.3	1.3	20140619	4	10	34	13	16.2
17346	NA	"HURACR"	249	355	""	""	NA	1	1.3	1.3	20140619	4	10	34	10.2	17.3
17349	NA	"VIROSE"	215	NA	""	"N"	NA	NA	1.3	NA	20140620	7	9	14	2	17.7
17351	NA	"INGAM2"	202	NA	""	"N"	NA	NA	1.3	NA	20140620	7	9	33	11	10.3
17352	NA	"ALSEBL"	375	384	""	""	NA	1	1.3	1.3	20140620	7	9	34	11	19
17353	NA	"GUATDU"	380	NA	""	"S"	NA	NA	1.3	NA	20140620	7	9	44	15.2	17.6
17354	NA	"DRYPST"	262	285	""	""	NA	1	1.3	1.3	20140620	7	9	43	16	11
17355	NA	"EUGECO"	326	330	""	""	NA	1	1.3	1.3	20140620	7	9	42	17	7
17356	NA	"TAB2AR"	306	392	""	""	NA	1	1.3	1.3	20140620	7	9	42	18	7
17357	NA	"APEIME"	272	NA	"Q"	"N"	NA	NA	1.3	NA	20140620	7	10	21	8	1
17358	NA	"QUARAS"	238	NA	""	"S"	NA	NA	1.3	NA	20140620	7	10	31	14	4.7
17359	NA	"GUATDU"	213	NA	""	"C"	NA	NA	1.3	NA	20140620	7	10	42	16.8	9
17360	NA	"TRI2TU"	242	NA	""	"N"	NA	NA	1.3	NA	20140620	7	10	34	12	16
17361	NA	"ALSEBL"	511	NA	"Q"	"S"	NA	NA	1.3	NA	20140620	7	11	14	2.1	17
17362	NA	"SYMPGL"	353	NA	""	"S"	NA	NA	1.3	NA	20140620	7	11	24	9	16.3
17363	NA	"ALSEBL"	564	572	""	""	NA	1	1.3	1.3	20140620	7	11	23	8.7	14.8
17364	NA	"INGASA"	210	252	""	""	NA	1	1.3	1.3	20140620	7	11	21	8	2
17365	NA	"DENDAR"	472	NA	""	"N"	NA	NA	1.3	NA	20140620	7	11	31	10.2	3
17366	NA	"CORDBI"	356	323	""	""	NA	1	1.3	1.3	20140620	7	11	41	15.2	2.2
17368	NA	"NECTCI"	239	329	"M"	""	NA	4	1.3	1.3	20140620	7	12	14	2.2	19.8
17369	NA	"ALSEBL"	558	NA	""	"C"	NA	NA	1.3	NA	20140620	7	12	24	6	16.5
17370	NA	"VIROSE"	298	370	""	""	NA	1	1.3	1.3	20140620	7	12	23	9.2	14.8
17371	NA	"VIROSE"	409	423	""	""	NA	1	1.3	1.3	20140620	7	12	21	7.8	4.7
17372	NA	"TAB2AR"	319	350	""	"P"	NA	1	1.3	1.3	20140620	7	12	41	18	1
17374	NA	"DIPTPA"	632	685	"B"	""	NA	1	3.84	4.9	20140620	7	12	43	17.2	11
17375	NA	"LONCLA"	202	270	""	""	NA	1	1.3	1.3	20140620	7	13	23	8	11
17376	NA	"ALSEBL"	246	260	"M"	""	NA	2	1.3	1.3	20140620	7	13	13	1.4	11
17377	NA	"ALSEBL"	271	302	""	""	NA	1	1.3	1.3	20140620	7	13	44	15.2	15.8
17379	NA	"QUARAS"	250	389	""	""	NA	1	1.3	1.3	20140620	7	14	12	2.2	6
17380	NA	"VIROSE"	280	NA	""	""	NA	1	1.3	1.3	20140620	7	14	14	4	17
17382	NA	"CROTBI"	209	NA	""	"N"	NA	NA	1.3	NA	20140620	7	14	21	8	2
17383	NA	"ALSEBL"	405	448	"B"	""	NA	1	3.48	3.48	20140620	7	14	34	12.8	19.8
17384	NA	"QUARAS"	363	428	""	""	NA	1	1.3	1.3	20140620	7	14	42	17	8.8
17385	NA	"GUAPST"	307	380	"B"	""	NA	1	3.2	3.2	20140623	9	14	11	0.3	2
17386	NA	"OCOTOB"	430	NA	"B"	"S"	NA	NA	3.25	NA	20140623	9	14	11	3	4.2
17387	NA	"TRI2TU"	234	260	""	""	NA	1	1.3	1.3	20140623	9	14	12	0.8	6.8
17388	NA	"OCOTOB"	465	490	"B"	""	NA	1	3.25	3.25	20140623	9	14	14	4.2	19.8
17389	NA	"VITEX"	205	245	""	""	NA	1	1.3	1.3	20140623	9	14	22	6	9.7
17390	NA	"TRI2TU"	222	298	""	""	NA	1	1.3	1.3	20140623	9	14	24	8.3	19
17391	NA	"VIROSE"	362	NA	""	"S"	NA	NA	1.3	NA	20140623	9	14	31	11	1.8
17392	NA	"PROTTE"	301	365	"B"	""	NA	1	3.33	3.33	20140623	9	14	32	12	8.8
17393	NA	"DENDAR"	311	369	""	""	NA	1	1.3	1.3	20140623	9	14	34	11.8	16
17394	NA	"TRI2TU"	655	679	""	""	NA	1	1.3	1.3	20140623	9	14	34	12	17
17395	NA	"GUATDU"	390	520	""	""	NA	1	1.3	1.3	20140623	9	13	11	3	3.7
17396	NA	"HIRTTR"	235	260	""	""	NA	1	1.3	1.3	20140623	9	13	14	1.5	17
17397	NA	"ALSEBL"	554	580	"M"	""	NA	1	1.3	1.3	20140623	9	13	14	2	18
17398	NA	"DENDAR"	455	NA	""	"C"	NA	NA	1.3	NA	20140623	9	13	23	7.6	11.2
19212	NA	"UNK?"	358	NA	""	"N"	NA	NA	1.3	NA	20140618	2	1	22	9	9.5
19213	NA	"UNK?"	209	NA	""	"N"	NA	NA	1.3	NA	20140618	2	1	21	6	4.9
19214	NA	"DRYPST"	232	275	""	""	NA	1	1.3	1.3	20140618	2	1	22	6.5	7
19215	NA	"CORDBI"	268	292	""	""	NA	1	1.3	1.3	20140618	2	1	23	6	10.1
19216	NA	"CORDBI"	260	318	""	""	NA	1	1.3	1.3	20140618	2	1	14	3.2	19.5
19217	NA	"CHR2AR"	261	287	""	""	NA	1	1.3	1.3	20140618	2	1	34	14.2	15.8
19218	NA	"CASSEL"	310	NA	""	"C"	NA	NA	1.3	NA	20140618	2	1	34	13.2	19.2
19219	NA	"TRI2TU"	371	NA	""	"S"	NA	NA	1.3	NA	20140618	2	1	42	19	7
19220	NA	"SIMAAM"	221	306	""	""	NA	1	1.3	1.3	20140618	2	1	42	18.8	9.9
19221	NA	"SINHOJAS"	203	258	""	"P"	NA	1	1.3	1.3	20140618	2	2	11	0.3	2.2
19222	NA	"CORDBI"	342	370	""	""	NA	1	1.3	1.3	20140618	2	2	12	4.8	7.9
19223	NA	"CORDBI"	252	NA	""	"C"	NA	NA	1.3	NA	20140618	2	2	14	2.2	18
19224	NA	"HEISCO"	258	261	""	""	NA	1	1.3	1.3	20140618	2	2	41	15.9	3.9
19225	NA	"CORDBI"	203	218	""	""	NA	1	1.3	1.3	20140618	2	3	11	4.7	2.1
19226	NA	"SINHOJAS"	217	NA	""	"C"	NA	NA	1.3	NA	20140618	2	3	12	1.8	8.8
19227	NA	"GUSTSU"	234	NA	""	"N"	NA	NA	1.3	NA	20140618	2	3	12	3.9	9.8
19228	NA	"CORDBI"	230	290	""	""	NA	1	1.3	1.3	20140618	2	3	14	0.3	15
19229	NA	"PROTTE"	331	NA	""	"S"	NA	NA	1.3	NA	20140618	2	3	14	3.7	19.7
19230	NA	"TRATAS"	397	NA	""	"S"	NA	NA	1.3	NA	20140618	2	3	33	13	10.2
19231	NA	"SCH2MO"	227	405	""	""	NA	1	1.3	1.3	20140618	2	3	33	14.1	12.9
19232	NA	"HIRTTR"	201	263	""	""	NA	1	1.3	1.3	20140618	2	3	43	17.2	13
19233	NA	"CORDBI"	265	275	""	""	NA	1	1.3	1.3	20140618	2	3	32	11.2	9.3
19234	NA	"PROTTE"	210	213	""	""	NA	1	1.3	1.3	20140618	2	4	21	7	2
19235	NA	"TREMIN"	242	305	""	"P"	NA	3	1.3	1.3	20140618	2	4	11	4.8	2.8
19236	NA	"ALSEBL"	243	275	""	""	NA	1	1.3	1.3	20140618	2	4	33	14	12.8
19237	NA	"BROSAL"	651	655	""	""	NA	1	1.3	3.7	20140618	2	4	31	12.4	0.02
19238	NA	"GUSTSU"	278	286	""	""	NA	1	1.3	1.3	20140618	2	4	32	13.2	9
19239	NA	"VIROSE"	221	225	""	""	NA	1	1.3	1.3	20140618	2	4	42	17.8	7.1
19240	NA	"OCOTOB"	224	NA	""	"N"	NA	NA	1.3	NA	20140618	2	5	11	3.2	1.3
19241	NA	"TRI2TU"	238	247	""	""	NA	1	1.3	1.3	20140618	2	5	43	18.2	13
19242	NA	"ALSEBL"	244	251	""	""	NA	1	1.3	1.3	20140618	2	5	34	13	18.9
19243	NA	"ALSEBL"	231	240	""	""	NA	1	1.3	1.3	20140618	2	5	44	18.1	18.9
19244	NA	"NECTCI"	427	73	"M"	"R,P"	NA	6	1.3	1.3	20140618	2	5	31	10.1	3.8
19245	NA	"ZANTBE"	248	492	""	"P"	NA	1	1.3	1.3	20140618	2	5	42	15.7	8.9
19246	NA	"ALSEBL"	603	612	""	""	NA	3	1.3	1.3	20140618	2	6	12	1.7	8.1
19247	NA	"TRI2TU"	340	NA	""	"C"	NA	NA	1.3	NA	20140618	2	6	12	2.3	8.5
19248	NA	"OCOTOB"	256	404	""	"P"	NA	4	1.3	1.3	20140618	2	6	21	9.2	0.01
19249	NA	"TRI2TU"	378	NA	""	"N"	NA	NA	1.3	NA	20140618	2	6	13	4.1	13.1
19250	NA	"TET2PA"	214	269	""	""	NA	1	1.3	1.3	20140618	2	6	23	5.2	14.8
19251	NA	"UNONPI"	233	258	""	""	NA	1	1.3	1.3	20140618	2	6	14	0.01	18.7
19252	NA	"ZANTBE"	276	NA	""	"N"	NA	NA	1.3	NA	20140618	2	6	34	12.3	15.8
19253	NA	"SWARPA"	415	447	""	"P"	NA	1	1.3	1.3	20140618	2	7	11	3	1.1
19254	NA	"HASSFL"	233	234	""	""	NA	1	1.3	1.3	20140618	2	7	11	0.02	1
19255	NA	"GUAPST"	1061	1203	"B"	"P,Q"	NA	1	1.3	3.45	20140618	2	7	14	2.5	19.8
19256	NA	"INGASA"	216	NA	"M"	"S"	NA	NA	1.3	NA	20140618	2	7	24	7.2	19
19257	NA	"ALSEBL"	396	429	""	""	NA	1	1.3	1.3	20140618	2	7	24	9.8	15
19258	NA	"EUGECO"	307	323	""	""	NA	1	1.3	1.3	20140618	2	7	33	11.7	12.3
19259	NA	"AST2GR"	668	729	""	""	NA	1	1.3	1.3	20140618	2	7	33	14.2	11.2
19260	NA	"TAB2AR"	533	554	"B"	""	NA	1	1.3	3.25	20140618	2	7	41	19.7	0.03
19261	NA	"FICUMA"	389	305	"M"	""	NA	1	1.3	3.65	20140618	2	8	11	0.01	0.01
19262	NA	"SCHIPA"	539	567	""	""	NA	1	1.3	1.3	20140618	2	8	11	3.1	2.8
19263	NA	"GUATDU"	240	322	""	""	NA	1	1.3	1.3	20140618	2	8	33	12.2	10
19264	NA	"ALSEBL"	577	602	"B"	""	NA	1	1.3	4.05	20140618	2	8	33	11	10.8
19265	NA	"QUARAS"	290	334	""	"P"	NA	1	1.3	1.3	20140618	2	8	43	17.1	13.2
19266	NA	"POUTST"	401	362	"B"	""	NA	1	1.3	3.58	20140619	4	1	11	2.5	4.3
19267	NA	"CORDBI"	270	280	""	""	NA	1	1.3	1.3	20140619	4	1	22	8.3	8.1
19268	NA	"CORDAL"	308	380	""	""	NA	1	1.3	1.3	20140619	4	1	23	9.7	14.2
19269	NA	"TURPOC"	307	410	""	""	NA	1	1.3	1.3	20140619	4	1	33	12.1	11.4
19271	NA	"PROTTE"	533	NA	"B"	"C"	NA	NA	1.3	NA	20140619	4	2	21	9.8	2
19272	NA	"JAC1CO"	643	720	""	""	NA	1	1.3	1.3	20140619	4	2	33	12.3	10.1
19273	NA	"TRI2TU"	317	335	"Q"	""	NA	1	1.3	1.3	20140619	4	2	33	10.2	12.2
19274	NA	"STERAP"	997	1015	"B"	""	NA	1	1.3	4.9	20140619	4	2	34	13	15
19275	NA	"VIROSE"	322	335	""	""	NA	1	1.3	1.3	20140619	4	2	33	14.9	12.2
19276	NA	"TURPOC"	275	338	""	""	NA	1	1.3	1.3	20140619	4	2	44	17.2	17.8
19277	NA	"JAC1CO"	537	570	""	""	NA	1	1.3	1.3	20140619	4	2	41	19.2	0.03
19278	NA	"TRI2TU"	356	390	""	""	NA	1	1.3	1.3	20140619	4	2	32	14.2	7.8
19279	NA	"CECRIN"	495	500	""	""	NA	1	1.3	3.45	20140619	4	2	41	18	4.9
19280	NA	"VIROSU"	347	NA	""	"C"	NA	NA	1.3	NA	20140619	4	3	13	4	14.1
19281	NA	"APEIME"	274	275	""	""	NA	1	1.3	1.3	20140619	4	3	44	18.1	15.3
19282	NA	"ALSEBL"	670	682	""	""	NA	1	1.3	3.65	20140619	4	3	21	7.7	4.5
19283	NA	"UNK?"	238	NA	""	"C"	NA	NA	1.3	NA	20140619	4	3	32	11.3	8.9
19284	NA	"CORDAL"	400	440	""	""	NA	1	1.3	3.65	20140619	4	4	12	0.03	9.8
19285	NA	"CASESY"	262	275	""	""	NA	1	1.3	1.3	20140619	4	4	24	9	17
19287	NA	"POUTRE"	343	373	""	""	NA	1	1.3	1.3	20140619	4	4	22	9	9.9
19289	NA	"CORDBI"	382	415	""	""	NA	1	1.3	1.3	20140619	4	5	42	15	8.9
19291	NA	"BEILPE"	235	236	""	""	NA	1	1.3	1.3	20140619	4	6	24	9.2	19.2
19292	NA	"GUETFO"	264	270	""	""	NA	1	1.3	1.3	20140619	4	6	44	19.1	16
19293	NA	"TAB2AR"	393	445	""	""	NA	1	1.3	1.3	20140619	4	6	31	14.2	0.03
19295	NA	"TAB2AR"	357	375	""	""	NA	1	1.3	1.3	20140619	4	6	42	19	9.2
19296	NA	"ALSEBL"	201	202	"Q"	""	NA	1	1.3	1.3	20140619	4	6	42	19.7	9.8
19297	NA	"ZANTBE"	467	540	""	""	NA	1	1.3	1.3	20140619	4	7	11	0.03	4
19298	NA	"CORDBI"	224	265	""	""	NA	1	1.3	1.3	20140619	4	7	13	2.2	11
19300	NA	"CORDBI"	345	420	""	""	NA	1	1.3	1.3	20140619	4	7	44	17.8	17.8
19301	NA	"GUSTSU"	221	245	""	""	NA	1	1.3	1.3	20140619	4	7	31	14	4.8
19302	NA	"CASESY"	490	NA	"B"	"N"	NA	NA	1.3	NA	20140619	4	7	43	19.9	13
19303	NA	"GUARGU"	205	250	""	""	NA	1	1.3	1.3	20140619	4	8	12	2.1	6.8
19304	NA	"GUARGU"	216	NA	"Q"	"S"	NA	NA	1.3	NA	20140619	4	8	21	8.7	0.03
19306	NA	"TAB2AR"	559	NA	""	"N"	NA	NA	1.3	NA	20140619	4	8	43	18.5	10.1
19307	NA	"ALSEBL"	327	355	""	""	NA	1	1.3	1.3	20140619	4	8	31	13.9	4
19308	NA	"DENDAR"	248	NA	""	"S"	NA	NA	1.3	NA	20140619	4	8	32	12	7.8
19309	NA	"DRYPST"	274	NA	"Q"	"C"	NA	NA	1.3	NA	20140620	6	1	24	6.6	15
19310	NA	"INGAM2"	219	NA	""	"C"	NA	NA	1.3	NA	20140620	6	1	31	12.5	3
19311	NA	"CORDBI"	297	300	""	""	NA	1	1.3	1.3	20140620	6	1	42	17	8.2
19312	NA	"NECTCI"	223	NA	"M"	"N"	NA	NA	1.3	NA	20140620	6	2	14	4.3	19.2
19314	NA	"TAB2AR"	485	515	""	""	NA	1	1.3	1.3	20140620	6	2	44	17.2	16
19315	NA	"DENDAR"	387	300	""	""	NA	1	1.3	1.3	20140620	6	2	32	12.5	8
19317	NA	"SCHIPA"	221	235	""	""	NA	1	1.3	1.3	20140620	6	3	11	3	2.1
19318	NA	"CORDBI"	230	255	""	""	NA	1	1.3	1.3	20140620	6	3	12	1.1	6.3
19319	NA	"CORDBI"	290	325	""	""	NA	1	1.3	1.3	20140620	6	3	22	7.2	9
19320	NA	"ALSEBL"	285	290	""	""	NA	1	1.3	1.3	20140620	6	3	14	4.9	18.2
19321	NA	"TRI2TU"	209	NA	""	"C"	NA	NA	1.3	NA	20140620	6	3	24	9.2	19
19322	NA	"VIROSE"	221	NA	""	"S"	NA	NA	1.3	NA	20140620	6	3	34	13	18.9
19323	NA	"TAB2AR"	615	NA	"B"	"N"	NA	NA	1.3	NA	20140620	6	3	44	17	18.3
19324	NA	"UNK?"	222	NA	""	"N"	NA	NA	1.3	NA	20140620	6	3	43	19	14
19325	NA	"SCH2MO"	375	NA	""	"N"	NA	NA	1.3	NA	20140620	6	4	23	9.9	12.8
19326	NA	"JAC1CO"	231	237	""	""	NA	1	1.3	1.3	20140620	6	4	43	15.1	10.1
19327	NA	"CASESY"	274	NA	""	"N"	NA	NA	1.3	NA	20140620	6	4	33	13	11.2
19328	NA	"JAC1CO"	450	475	""	""	NA	1	1.3	1.3	20140620	6	4	34	10.1	15.2
19329	NA	"SIMAAM"	485	NA	""	"N"	NA	NA	1.3	NA	20140620	6	4	43	19.8	11.8
19330	NA	"ALSEBL"	272	449	""	""	NA	1	1.3	1.3	20140620	6	5	21	5	0.07
19331	NA	"TAB2AR"	205	312	""	""	NA	1	1.3	1.3	20140620	6	5	34	10.1	19
19333	NA	"DRYPST"	200	280	""	""	NA	1	1.3	1.3	20140620	6	5	32	11	7.8
19334	NA	"GUAPST"	608	NA	""	"N"	NA	NA	1.3	NA	20140620	6	5	32	10.1	9
19335	NA	"SIMAAM"	265	315	""	""	NA	1	1.3	1.3	20140620	6	5	42	19	9.5
19336	NA	"VIROSE"	303	NA	""	"S"	NA	NA	1.3	NA	20140620	6	5	41	19.9	2
19338	NA	"TAB2AR"	755	NA	""	"S"	NA	NA	1.3	NA	20140620	6	6	11	0.04	3.8
19339	NA	"JAC1CO"	532	570	""	""	NA	1	1.3	1.3	20140620	6	6	22	7	8.7
19340	NA	"POULAR"	290	NA	""	"C"	NA	NA	1.3	NA	20140620	6	6	22	7	9.9
19342	NA	"RANDAR"	207	NA	"Q"	"N"	NA	NA	1.3	NA	20140620	6	6	34	11	18.3
19343	NA	"TRI2TU"	408	NA	""	"S"	NA	NA	1.3	NA	20140620	6	6	43	19	14
19344	NA	"TRI2TU"	219	NA	"L"	"N"	NA	NA	1.3	NA	20140620	6	7	11	4.8	3.7
19345	NA	"CORDBI"	222	278	""	""	NA	1	1.3	1.3	20140620	6	7	44	18.3	18
19346	NA	"CECRIN"	338	NA	"B"	"C"	NA	NA	1.3	NA	20140620	6	7	44	18.1	18.7
19347	NA	"ZANTP1"	220	305	""	""	NA	1	1.3	1.3	20140620	6	7	41	15.9	2.2
19348	NA	"TRI2TU"	307	NA	""	"S"	NA	NA	1.3	NA	20140623	8	2	24	8.9	15.9
19349	NA	"CORDBI"	351	385	""	""	NA	1	1.3	1.3	20140623	8	2	24	9.8	16.2
19350	NA	"TRI2TU"	317	320	""	""	NA	1	1.3	1.3	20140623	8	2	43	19.9	10.5
19351	NA	"UNK?"	200	NA	""	"N"	NA	NA	1.3	NA	20140623	8	2	44	18.5	15.2
19352	NA	"APEIME"	501	505	""	""	NA	1	1.3	1.3	20140623	8	2	44	19.9	19.9
19353	NA	"TRI2TU"	220	NA	""	"N"	NA	NA	1.3	NA	20140623	8	2	41	19	2
19354	NA	"ALSEBL"	341	405	""	""	NA	1	1.3	1.3	20140623	8	3	13	2.9	10.1
19355	NA	"TAB2AR"	471	NA	"Q"	"N"	NA	NA	1.3	NA	20140623	8	3	13	2.5	12.3
19356	NA	"INGASP"	375	NA	"Q"	"N"	NA	NA	1.3	NA	20140623	8	3	34	11.2	17.5
19358	NA	"TRI2TU"	362	NA	""	"S"	NA	NA	1.3	NA	20140623	8	4	22	9	6
19359	NA	"VIROSE"	260	304	""	""	NA	1	1.3	1.3	20140623	8	5	21	8.2	0.03
19360	NA	"NECTCI"	242	NA	"M"	"N"	NA	NA	1.3	NA	20140623	8	5	21	9.8	1
19361	NA	"TAB2AR"	218	NA	"Q"	"N"	NA	NA	1.3	NA	20140623	8	5	23	8	13
19362	NA	"TRI2TU"	311	385	""	""	NA	1	1.3	1.3	20140623	8	5	43	18.7	10.1
19363	NA	"DRYPST"	226	239	""	""	NA	1	1.3	1.3	20140623	8	5	44	15	18.5
19364	NA	"HURACR"	1075	1145	""	""	NA	1	1.3	3.05	20140623	8	5	42	15	8.7
19365	NA	"TRI2TU"	210	NA	""	"C"	NA	NA	1.3	NA	20140623	8	5	42	18.7	8.1
19366	NA	"ENTESC"	568	NA	""	"C"	NA	NA	1.3	NA	20140623	8	6	11	3.2	4.5
19367	NA	"NECTCI"	241	NA	"M"	"C"	NA	NA	1.3	NA	20140623	8	6	12	0.03	6
19369	NA	"QUARAS"	310	314	""	""	NA	1	1.3	1.3	20140623	8	6	44	16.1	17.8
19371	NA	"DENDAR"	219	245	""	""	NA	1	1.3	1.3	20140623	8	7	13	0.02	13.5
19372	NA	"VIROSE"	286	NA	""	"N"	NA	NA	1.3	NA	20140623	8	7	24	8.1	16.8
19373	NA	"CORDBI"	209	NA	""	"N"	NA	NA	1.3	NA	20140623	8	7	33	10.3	11.1
19374	NA	"SIMAAM"	366	NA	""	"N"	NA	NA	1.3	NA	20140623	8	7	33	12	12.1
19376	NA	"INGASP"	238	268	"M"	""	NA	4	1.3	1.3	20140619	4	0	11	4	1.8
19377	NA	"UNK?"	408	425	""	""	NA	1	1.3	1.3	20140619	4	0	23	5	10
19378	NA	"DRYPST"	212	250	""	""	NA	1	1.3	1.3	20140619	4	0	34	10.8	19
19379	NA	"LUEHSE"	550	542	"B"	""	NA	1	1.3	3.3	20140619	4	0	34	10.7	18.9
19380	NA	"DRYPST"	220	222	""	""	NA	1	1.3	1.3	20140619	4	0	34	11	15.6
19381	NA	"TAB2AR"	517	530	"B"	""	NA	1	1.3	3.65	20140619	4	0	44	17	15.8
19382	NA	"ALSEBL"	322	404	""	""	NA	1	1.3	1.3	20140619	4	0	42	16	6.3
19383	NA	"DRYPST"	207	256	""	""	NA	1	1.3	1.3	20140618	3	0	12	4	9.8
19384	NA	"CASESY"	589	NA	""	"S"	NA	NA	1.3	NA	20140618	3	0	13	4.8	10.7
19385	NA	"ALSEBL"	765	792	"B"	""	NA	1	1.3	3.9	20140618	3	0	14	1.5	19.8
19386	NA	"TRI2TU"	387	418	""	""	NA	1	1.3	1.3	20140618	3	0	24	9.5	19.8
19387	NA	"GUATDU"	278	NA	"M"	"P"	NA	1	1.3	3.25	20140618	3	0	22	7	7.8
23938	NA	"CORDBI"	506	532	""	""	NA	1	1.3	1.3	20140623	9	9	33	12	13
19390	NA	"SIMAAM"	319	NA	""	"C"	NA	NA	1.3	NA	20140619	3	0	33	13	12.5
19391	NA	"ALSEBL"	212	245	""	""	NA	1	1.3	1.3	20140619	3	0	44	18	18.2
19392	NA	"CORDBI"	242	268	""	""	NA	1	1.3	1.3	20140618	2	0	33	14.8	12
19393	NA	"CASESY"	226	269	""	""	NA	1	1.3	1.3	20140618	1	1	32	12.1	8.1
19394	NA	"MICOHO"	261	NA	""	"S"	NA	NA	1.3	NA	20140618	1	1	44	18	15.1
19396	NA	"QUARAS"	525	515	"B"	""	NA	1	1.3	4.85	20140618	0	2	43	18.8	12
19398	NA	"TAB2AR"	387	NA	""	"S"	NA	NA	1.3	NA	20140618	0	3	42	18.3	8.8
19399	NA	"OCOTOB"	390	580	""	""	NA	1	1.3	1.3	20140618	0	4	22	5.6	8.8
19400	NA	"INGAMA"	438	474	""	""	NA	1	1.3	1.3	20140618	0	4	31	14.8	1
19401	NA	"CHR2AR"	364	390	""	""	NA	1	1.3	1.3	20140618	0	5	11	0.3	3.8
19402	NA	"ALSEBL"	572	578	"B"	""	NA	4	1.3	2.29	20140618	0	5	22	8	5.8
19403	NA	"TRI2TU"	334	NA	""	"C"	NA	NA	1.3	NA	20140618	0	5	23	9.8	10.3
19404	NA	"TET2PA"	209	225	""	""	NA	1	1.3	1.3	20140618	0	5	14	4	18
19405	NA	"DENDAR"	365	NA	""	"N"	NA	NA	1.3	NA	20140618	0	5	33	11	12
19406	NA	"GUATDU"	259	260	""	""	NA	1	1.3	1.3	20140618	0	6	22	9	9
19407	NA	"DIPTPA"	475	590	""	""	NA	1	1.3	1.3	20140618	0	6	21	7.2	2
19408	NA	"UNK?"	329	NA	""	"S"	NA	NA	1.3	NA	20140618	0	6	24	9	19
19409	NA	"SIMAAM"	288	363	""	""	NA	1	1.3	1.3	20140618	0	6	44	18.8	18
19410	NA	"SIMAAM"	629	NA	""	"N"	NA	NA	1.3	NA	20140618	0	7	41	18.5	1.3
19411	NA	"VIROSE"	494	499	""	""	NA	1	1.3	3.2	20140618	1	8	42	19	8
19412	NA	"POUTRE"	NA	NA	NA	"P,FC"	NA	1	NA	1.3	NA	2	9	21	9.1	4.8
19413	NA	"PROTTE"	289	291	""	""	NA	1	1.3	1.3	20140619	3	9	12	3.8	8.8
19414	NA	"APEIME"	860	912	"B"	""	NA	1	1.3	2.85	20140619	3	9	21	8	2.2
19415	NA	"TRI2TU"	355	405	""	""	NA	1	1.3	1.3	20140619	3	9	32	13	9
19416	NA	"GUSTSU"	229	NA	""	"N"	NA	NA	1.3	NA	20140619	4	9	21	6	4.9
19417	NA	"SIMAAM"	455	NA	""	"N"	NA	NA	1.3	NA	20140619	4	9	22	8	8.8
19418	NA	"JAC1CO"	737	NA	""	"N"	NA	NA	1.3	NA	20140619	4	9	22	8.9	8.8
19419	NA	"TAB2AR"	269	NA	""	"N"	NA	NA	1.3	NA	20140619	4	9	44	18.8	15.6
19420	NA	"CEIBPE"	1270	1255	"B"	""	NA	1	1.3	6.1	20140619	4	9	43	18	11
19421	NA	"CORDBI"	310	338	""	""	NA	1	1.3	1.3	20140619	4	9	43	15.1	10.8
19423	NA	"TAB2AR"	420	NA	""	"N"	NA	NA	1.3	NA	20140619	4	9	41	15.1	0.3
19713	NA	"BEILPE"	233	263	""	""	NA	1	1.3	1.3	20140618	1	2	13	0.2	12
19714	NA	"VIROSU"	241	354	""	""	NA	1	1.3	1.3	20140618	1	2	14	2.7	17.2
19715	NA	"GAR2IN"	250	NA	""	"S"	NA	NA	1.3	NA	20140618	1	2	34	12.8	18.1
19716	NA	"QUARAS"	397	380	""	""	NA	1	1.3	3.75	20140618	1	2	42	15.2	6.1
19718	NA	"INGAMA"	351	NA	"M"	"N"	NA	NA	1.3	NA	20140618	1	3	31	10.1	2.5
19719	NA	"CECRIN"	426	487	""	""	NA	1	1.3	3.55	20140618	1	4	22	7	9.9
19720	NA	"CORDBI"	288	310	""	""	NA	1	1.3	1.3	20140618	1	4	22	9.9	6.2
19721	NA	"ALSEBL"	251	263	""	""	NA	1	1.3	1.3	20140618	1	4	41	16	0.2
19722	NA	"TAB2AR"	261	291	""	""	NA	1	1.3	1.3	20140618	1	4	41	18.3	1.3
19723	NA	"TRI2TU"	400	NA	""	"C"	NA	NA	1.3	NA	20140618	1	5	11	4.9	2.2
19724	NA	"PHOECI"	330	NA	"M"	"C"	NA	NA	1.3	NA	20140618	1	5	14	2	15.1
19725	NA	"CUARGU"	316	NA	""	""	NA	1	1.3	1.3	20140618	1	5	14	1	15.9
19726	NA	"HURACR"	1740	NA	""	"C"	NA	NA	1.3	NA	20140618	1	5	23	9.9	10.2
19727	NA	"GUATDU"	342	NA	""	"N"	NA	NA	1.3	NA	20140618	1	5	44	16	16.9
19728	NA	"TRI2TU"	309	354	""	""	NA	1	1.3	1.3	20140618	1	5	21	9.8	4
19729	NA	"TRI2TU"	363	388	""	""	NA	1	1.3	1.3	20140618	1	5	41	17.9	4.8
19730	NA	"ALSEBL"	506	595	""	""	NA	1	1.3	1.3	20140618	1	6	12	2.2	9.9
19732	NA	"SIMAAM"	310	NA	""	"C"	NA	NA	1.3	NA	20140618	1	6	14	1	18.8
19733	NA	"INGASA"	236	259	""	""	NA	2	1.3	1.3	20140618	1	6	33	10.1	10.2
19735	NA	"CORDAL"	438	NA	""	"C"	NA	NA	1.3	NA	20140618	1	6	44	18	19.2
19736	NA	"HEISCO"	306	311	""	""	NA	1	1.3	1.3	20140618	1	6	31	10	1.3
19738	NA	"CASESY"	329	391	""	""	NA	1	1.3	1.3	20140618	1	7	11	2.1	1.1
19740	NA	"VIROSU"	217	245	""	""	NA	1	1.3	1.3	20140618	1	7	43	17.1	10.2
19743	NA	"HIRTTR"	276	285	""	""	NA	1	1.3	1.3	20140619	3	1	11	0.01	1.5
19745	NA	"SIMAAM"	368	NA	""	"C"	NA	NA	1.3	NA	20140619	3	1	22	9.2	5.1
19746	NA	"SIMAAM"	337	414	""	""	NA	1	1.3	1.3	20140619	3	1	23	8	11.3
19747	NA	"BROSAL"	889	900	"B"	""	NA	1	1.3	4.2	20140619	3	1	14	1.8	17.2
19748	NA	"TRI2TU"	400	NA	""	"C"	NA	NA	1.3	NA	20140619	3	1	31	10.1	4.8
19749	NA	"ALSEBL"	339	353	""	""	NA	1	1.3	3.78	20140619	3	2	13	2.2	13
19750	NA	"BROSAL"	765	750	"B"	""	NA	1	1.3	6	20140619	3	2	33	10.2	14.8
19751	NA	"ALSEBL"	358	334	""	""	NA	1	1.3	3.45	20140619	3	2	43	15.3	12
19752	NA	"CORDBI"	328	NA	""	"C"	NA	NA	1.3	NA	20140619	3	3	11	3.2	4.8
19753	NA	"TRI2TU"	219	263	""	""	NA	1	1.3	1.3	20140619	3	3	22	6	9.1
19754	NA	"TRI2TU"	311	329	""	"Q"	NA	1	1.3	1.3	20140619	3	3	23	6.7	13.3
19755	NA	"TAB2AR"	409	0	""	"R"	NA	1	1.3	1.3	20140619	3	3	24	5.2	19.3
19756	NA	"LONCLA"	252	NA	"M"	""	NA	1	1.3	1.3	20140619	3	3	44	19.3	18.2
19757	NA	"DRYPST"	271	315	""	""	NA	1	1.3	1.3	20140619	3	3	31	11.3	0.03
19758	NA	"ALSEBL"	587	660	""	""	NA	1	1.3	1.3	20140619	3	3	32	12.8	6.8
19759	NA	"UNK?"	0	NA	"B"	"C"	NA	NA	1.3	NA	20140619	3	4	21	5.1	3
19761	NA	"UNK?"	380	NA	""	""	NA	1	1.3	1.3	20140619	3	4	13	1.2	14
19763	NA	"CORDBI"	415	422	""	""	NA	1	1.3	1.3	20140619	3	4	32	13	6.8
19764	NA	"OCOTOB"	325	422	""	""	NA	1	1.3	1.3	20140619	3	5	12	3.1	5.1
19765	NA	"CORDBI"	388	400	""	""	NA	1	1.3	1.3	20140619	3	5	12	1.1	9.8
19766	NA	"TAB2AR"	390	409	""	""	NA	1	1.3	1.3	20140619	3	5	13	2.1	12
19767	NA	"GUAPST"	648	595	""	""	NA	1	1.3	3.55	20140619	3	5	34	14.9	18.9
19768	NA	"TAB2AR"	480	523	""	""	NA	1	1.3	1.3	20140619	3	5	44	15.7	19.8
19770	NA	"GUSTSU"	275	280	"Q"	""	NA	1	1.3	1.3	20140619	3	5	43	18.9	12.9
19771	NA	"TAB2AR"	318	NA	""	"C"	NA	NA	1.3	NA	20140619	3	5	31	14.9	0.02
19772	NA	"TAB2AR"	482	507	""	""	NA	1	1.3	3.1	20140619	3	6	21	5.2	0.03
19773	NA	"GUSTSU"	244	245	""	""	NA	1	1.3	1.3	20140619	3	6	24	8	19
19774	NA	"HIRTTR"	217	219	""	""	NA	1	1.3	1.3	20140619	3	6	24	6.1	19.9
19775	NA	"CECRIN"	311	NA	""	"S"	NA	NA	1.3	NA	20140619	3	6	44	15.3	16.1
19776	NA	"CORDBI"	280	322	""	""	NA	1	1.3	1.3	20140619	3	6	34	14.9	19.8
19777	NA	"TRI2TU"	287	294	""	""	NA	1	1.3	1.3	20140619	3	6	33	11.1	10.1
19778	NA	"QUARAS"	424	424	""	""	NA	1	1.3	1.3	20140619	3	6	42	17.5	9.9
19779	NA	"APEIME"	320	320	""	""	NA	1	1.3	1.3	20140619	3	6	42	17.6	8.8
19780	NA	"CORDBI"	217	242	""	""	NA	1	1.3	1.3	20140619	3	7	11	0.02	1.1
19781	NA	"QUARAS"	220	232	""	""	NA	1	1.3	1.3	20140619	3	7	11	0.01	3
19782	NA	"POUTRE"	488	485	""	""	NA	1	1.3	3.1	20140619	3	7	12	0.01	9.8
19784	NA	"TRI2TU"	302	312	""	""	NA	1	1.3	1.3	20140619	3	7	23	7.1	12.8
19785	NA	"TAB2AR"	458	567	""	""	NA	1	1.3	1.3	20140619	3	7	33	10.2	14.9
19786	NA	"TURPOC"	398	437	""	""	NA	1	1.3	1.3	20140619	3	7	44	15.7	17
19787	NA	"CORDBI"	264	284	""	""	NA	1	1.3	1.3	20140619	3	7	31	11.5	0.02
19788	NA	"CORDBI"	200	239	""	""	NA	1	1.3	1.3	20140619	3	7	31	13.3	4.8
19790	NA	"ALSEBL"	201	233	""	""	NA	1	1.3	1.3	20140619	3	7	41	18.8	1.8
19791	NA	"CORDBI"	221	305	""	""	NA	1	1.3	1.3	20140619	3	7	41	19.7	1.3
19792	NA	"QUARAS"	617	623	"B"	""	NA	1	1.3	3.2	20140619	3	8	12	0.01	6
19794	NA	"CASESY"	287	NA	""	"C"	NA	NA	1.3	NA	20140619	3	8	24	5.3	19.2
19795	NA	"QUARAS"	415	427	"B"	""	NA	1	1.3	3.3	20140619	3	8	23	9.9	13
19796	NA	"VIROSU"	663	NA	"B"	"C"	NA	NA	1.3	NA	20140619	3	8	44	18.8	17
19797	NA	"TRI2TU"	369	NA	""	"S"	NA	NA	1.3	NA	20140619	3	8	41	19	4.2
19798	NA	"ZANTPR"	302	NA	""	"C"	NA	NA	1.3	NA	20140620	5	1	11	4	4.2
19799	NA	"CORDBI"	233	256	""	""	NA	1	1.3	1.3	20140620	5	1	13	4	11.9
19800	NA	"ZANTBE"	715	630	"M"	"Q"	NA	1	1.3	1.3	20140620	5	1	14	0.01	18.9
19801	NA	"CORDAL"	473	519	""	""	NA	1	1.3	1.3	20140620	5	1	14	4.7	16.8
19802	NA	"CORDBI"	335	374	""	""	NA	1	1.3	1.3	20140620	5	1	33	12.2	11.5
19803	NA	"ALSEBL"	228	312	""	""	NA	1	1.3	4.04	20140620	5	1	33	14.7	14.8
19804	NA	"CORDBI"	270	293	""	""	NA	1	1.3	1.3	20140620	5	1	31	10.2	4.9
19805	NA	"DENDAR"	490	NA	""	"C"	NA	NA	1.3	NA	20140620	5	2	21	9.9	1.3
19806	NA	"HIRTTR"	284	291	""	""	NA	1	1.3	1.3	20140620	5	2	23	6.1	13.5
19807	NA	"CORDBI"	285	335	""	""	NA	1	1.3	1.3	20140620	5	2	33	12	13.8
19808	NA	"CORDBI"	223	252	""	""	NA	1	1.3	1.3	20140620	5	3	11	3.3	3.9
19809	NA	"GUSTSU"	223	223	""	""	NA	1	1.3	1.3	20140620	5	3	12	0.09	8.9
19810	NA	"TRI2TU"	247	257	""	""	NA	1	1.3	1.3	20140620	5	3	14	0.05	16
19811	NA	"TRI2TU"	263	NA	""	"C"	NA	NA	1.3	NA	20140620	5	3	23	9.9	13
19814	NA	"ALSEBL"	486	454	""	""	NA	1	1.3	1.3	20140620	5	3	41	19.7	1.3
19815	NA	"POUTRE"	588	605	""	""	NA	1	1.3	3.55	20140620	5	4	21	5.9	0.01
19816	NA	"DRYPST"	337	373	""	""	NA	1	1.3	1.3	20140620	5	4	12	3	7
19817	NA	"LINDLA"	252	265	"ML"	""	NA	4	1.3	1.3	20140620	5	4	22	8	5.2
19818	NA	"ALSEBL"	396	427	""	""	NA	1	1.3	1.3	20140620	5	4	23	8	10.2
19819	NA	"CORDAL"	222	NA	"QM"	"S"	NA	NA	1.3	NA	20140620	5	4	14	2.3	18.5
19820	NA	"TAB2AR"	234	251	""	""	NA	1	1.3	1.3	20140620	5	4	34	11	19.9
19821	NA	"APEIME"	429	454	"Q"	""	NA	1	1.3	1.3	20140620	5	5	21	9.2	0.03
19823	NA	"APEIME"	213	219	""	""	NA	1	1.3	1.3	20140620	5	5	13	1.8	11.8
19824	NA	"ALSEBL"	426	393	"M"	""	NA	1	1.3	3.05	20140620	5	5	13	0.05	14
19825	NA	"TRATAS"	239	293	""	""	NA	1	1.3	1.3	20140620	5	5	34	10.8	19.7
19826	NA	"TAB2AR"	582	705	""	""	NA	1	1.3	1.3	20140620	5	5	33	12.3	14.8
19827	NA	"JAC1CO"	587	635	""	""	NA	1	1.3	1.3	20140620	5	5	33	14.8	14.9
19828	NA	"STERAP"	372	438	""	""	NA	1	1.3	3.8	20140620	5	5	41	19.8	1.7
19829	NA	"DENDAR"	393	NA	"Q"	"C"	NA	NA	1.3	NA	20140620	5	5	41	19.6	1.5
19830	NA	"GUATDU"	557	NA	"B"	"C"	NA	NA	1.3	NA	20140620	5	5	41	15.7	1
19832	NA	"ENTESC"	582	592	""	""	NA	1	1.3	1.3	20140620	5	6	24	9.9	19.8
19833	NA	"ALSEBL"	438	503	""	""	NA	1	1.3	1.3	20140620	5	6	34	11.8	17
19834	NA	"LONCLA"	275	278	"Q"	"Q"	NA	1	1.3	1.3	20140620	5	6	43	18.8	14
19836	NA	"CORDAL"	328	348	""	""	NA	1	1.3	1.3	20140620	5	6	42	15.1	7.9
19838	NA	"CECRIN"	351	NA	""	""	NA	1	1.3	1.3	20140620	5	7	24	9.9	17.8
19839	NA	"CECRIN"	402	477	"B"	""	NA	1	1.3	2.9	20140620	5	7	44	15.1	18.9
19840	NA	"TAB2AR"	275	284	""	""	NA	1	1.3	1.3	20140620	5	7	44	17.3	17
19841	NA	"TURPOC"	216	348	"Q"	""	NA	1	1.3	1.3	20140620	5	7	31	12.1	3.8
19842	NA	"CORDBI"	296	363	""	""	NA	1	1.3	1.3	20140620	5	8	32	11	9.8
19843	NA	"CORDBI"	236	269	""	""	NA	1	1.3	1.3	20140620	5	8	41	15.7	2.2
19845	NA	"DRYPST"	210	224	""	""	NA	1	1.3	1.3	20140620	7	1	13	1.2	10.5
19846	NA	"ZANTP1"	347	NA	"Q"	"C"	NA	NA	1.3	NA	20140620	7	1	24	5.1	16
19847	NA	"TAB2AR"	296	349	"Q"	""	NA	1	1.3	5.05	20140620	7	1	33	11	11.8
19848	NA	"CORDBI"	233	238	"Q"	""	NA	1	1.3	1.3	20140620	7	1	32	11	5.7
19849	NA	"TRI2TU"	274	NA	""	"C"	NA	NA	1.3	NA	20140620	7	2	21	7	4.9
19852	NA	"ALSEBL"	524	524	""	""	NA	1	1.3	1.3	20140620	7	2	23	8.7	11
19853	NA	"TRI2TU"	293	NA	""	"C"	NA	NA	1.3	NA	20140620	7	2	33	11	11.2
19854	NA	"POUTRE"	465	485	"B"	""	NA	1	1.3	3.25	20140620	7	2	43	19.1	11.8
19855	NA	"TRI2TU"	306	NA	""	"C"	NA	NA	1.3	NA	20140620	7	2	32	13.9	5.3
19856	NA	"EUGECO"	248	305	""	""	NA	1	1.3	1.3	20140620	7	2	41	15.5	0.01
19857	NA	"VIROSE"	277	NA	""	"C"	NA	NA	1.3	NA	20140620	7	3	21	7	3.7
19858	NA	"UNK?"	218	NA	""	"N"	NA	NA	1.3	NA	20140620	7	3	24	5.5	15.1
19859	NA	"SLOATE"	752	755	"B"	""	NA	1	1.3	5.25	20140620	7	3	33	14.9	10.3
19860	NA	"SPONRA"	291	434	""	""	NA	1	1.3	1.3	20140620	7	3	42	16	9.2
19861	NA	"ALSEBL"	563	NA	"M"	"C"	NA	NA	1.3	NA	20140620	7	3	41	17.8	1.7
19862	NA	"JAC1CO"	583	658	""	""	NA	1	1.3	1.3	20140620	7	4	22	9.2	8.9
19864	NA	"JAC1CO"	647	667	""	""	NA	1	1.3	1.3	20140620	7	4	13	0.02	11.9
19865	NA	"GUATDU"	243	278	""	""	NA	1	1.3	1.3	20140620	7	4	14	0.03	17.5
19866	NA	"POUTRE"	296	336	""	""	NA	1	1.3	1.3	20140620	7	4	24	7	19.2
19868	NA	"CALOLO"	802	867	""	""	NA	1	1.3	1.3	20140620	7	4	43	15.5	11.7
19869	NA	"NECTCI"	289	299	"M"	""	NA	3	1.3	1.3	20140620	7	5	22	5.8	8
19870	NA	"GUATDU"	318	387	""	""	NA	1	1.3	1.3	20140620	7	5	13	0.09	12
19871	NA	"TAB2AR"	203	NA	""	"N"	NA	NA	1.3	NA	20140620	7	5	14	1.1	17.5
19872	NA	"DRYPST"	230	255	""	""	NA	1	1.3	1.3	20140620	7	5	23	5.2	14
19874	NA	"GUATDU"	421	NA	"B"	"N"	NA	NA	1.3	NA	20140620	7	5	41	17	3.7
19875	NA	"CECRIN"	387	403	""	""	NA	1	1.3	1.3	20140620	7	6	21	5.2	4.2
19876	NA	"JAC1CO"	663	NA	""	"N"	NA	NA	1.3	NA	20140620	7	6	24	5.1	19
19877	NA	"ALSEBL"	237	372	""	""	NA	1	1.3	1.3	20140620	7	6	14	4.8	19.7
19878	NA	"VIROSU"	237	NA	""	"C"	NA	NA	1.3	NA	20140620	7	6	22	9	9.2
19879	NA	"QUARAS"	222	258	""	""	NA	1	1.3	1.3	20140620	7	6	33	14.8	13
19880	NA	"QUARAS"	400	420	""	""	NA	1	1.3	1.3	20140620	7	6	32	12.5	8.5
19881	NA	"TRATAS"	278	384	""	""	NA	1	1.3	1.3	20140620	7	7	11	4.7	1.2
19882	NA	"OCOTOB"	297	NA	""	"N"	NA	NA	1.3	NA	20140620	7	7	22	9.7	6
19883	NA	"ZANTP1"	252	292	""	""	NA	1	1.3	1.3	20140620	7	7	14	3	17.3
19884	NA	"UNK?"	1327	NA	"B"	"C"	NA	NA	1.3	NA	20140620	7	7	24	7.2	19.2
19885	NA	"APEIME"	203	NA	""	"C"	NA	NA	1.3	NA	20140620	7	7	23	9.9	12
19886	NA	"DRYPST"	222	220	""	""	NA	1	1.3	1.3	20140620	7	7	34	13	17.8
19887	NA	"QUARAS"	200	211	""	""	NA	1	1.3	1.3	20140620	7	8	22	9.5	7
19890	NA	"HURACR"	1383	1420	"B"	""	NA	1	1.3	4.35	20140620	7	8	42	16.5	9.9
19891	NA	"ALSEBL"	299	318	""	""	NA	1	1.3	1.3	20140620	5	0	12	2	8.3
19892	NA	"OCOTOB"	388	NA	""	"C"	NA	NA	1.3	NA	20140620	5	0	24	5.9	19.8
19893	NA	"CORDBI"	306	NA	""	"C"	NA	NA	1.3	NA	20140620	5	0	32	13	7
19894	NA	"HASSFL"	227	NA	"M"	"C"	NA	NA	1.3	NA	20140620	5	0	33	11	10.5
19896	NA	"OCOTOB"	454	NA	""	"C"	NA	NA	1.3	NA	20140620	5	0	44	17	15.3
19897	NA	"DRYPST"	388	404	""	""	NA	1	1.3	1.3	20140620	5	0	42	18	8.8
19898	NA	"CORDBI"	420	433	""	""	NA	1	1.3	1.3	20140620	6	0	14	1	15
19900	NA	"HIRTTR"	228	245	""	""	NA	1	1.3	1.3	20140620	6	0	33	14.8	11.2
19901	NA	"SIMAAM"	372	NA	""	"N"	NA	NA	1.3	NA	20140620	6	0	44	17	18
19902	NA	"CORDBI"	262	285	""	""	NA	1	1.3	1.3	20140620	6	0	43	19.3	10.1
19903	NA	"ALSEBL"	290	303	""	""	NA	1	1.3	1.3	20140620	7	0	13	3	10.1
19905	NA	"CASESY"	211	NA	""	"N"	NA	NA	1.3	NA	20140620	7	0	14	4	19
19906	NA	"TET2PA"	468	470	""	""	NA	1	1.3	1.3	20140623	8	1	24	6	19.2
19907	NA	"CORDBI"	298	303	""	""	NA	1	1.3	1.3	20140623	8	1	44	19.8	19.7
19909	NA	"AST2GR"	528	534	""	""	NA	3	1.3	1.3	20140623	9	3	14	0.2	19
19910	NA	"MAYTSC"	238	NA	"M"	"S"	NA	NA	1.3	NA	20140623	9	3	24	9	17
19911	NA	"TRI2TU"	218	NA	""	"N"	NA	NA	1.3	NA	20140623	9	3	24	9.9	15
19912	NA	"GUARGR"	203	215	""	""	NA	1	1.3	1.3	20140623	9	3	23	8	12
19913	NA	"APEIME"	313	318	""	""	NA	1	1.3	1.3	20140623	9	3	32	11	9
19914	NA	"VIROSU"	305	NA	""	"N"	NA	NA	1.3	NA	20140623	9	3	32	10.1	7.3
19915	NA	"GUATDU"	613	675	"B"	""	NA	1	1.3	3.7	20140623	9	4	21	9	4.9
19916	NA	"GUSTSU"	271	292	""	""	NA	1	1.3	1.3	20140623	9	4	32	11	5.8
19918	NA	"TRI2TU"	251	NA	""	"S"	NA	NA	1.3	NA	20140623	9	5	13	4.8	10
19919	NA	"PSE1SE"	1527	NA	"B"	"C"	NA	NA	1.3	NA	20140623	9	5	31	10.5	0.3
19920	NA	"TRI2TU"	222	264	""	""	NA	1	1.3	1.3	20140623	9	5	32	12	9.5
19921	NA	"DENDAR"	242	254	""	""	NA	1	1.3	1.3	20140623	9	5	34	12	17
19922	NA	"TAB2AR"	558	NA	""	"C"	NA	NA	1.3	NA	20140623	9	6	12	1	5.1
19923	NA	"EUGEOE"	240	NA	""	"S"	NA	NA	1.3	NA	20140623	9	6	24	5.1	15.4
19924	NA	"NECTCI"	250	59	"M"	"R"	NA	6	1.3	1.3	20140623	9	6	33	10.3	11.5
19926	NA	"TRI2TU"	350	363	""	""	NA	1	1.3	1.3	20140623	9	6	32	13	9
19927	NA	"VIROSE"	227	NA	""	"N"	NA	NA	1.3	NA	20140623	9	7	21	9.5	2
19928	NA	"CORDBI"	223	238	""	""	NA	1	1.3	1.3	20140623	9	7	13	2	13
19930	NA	"POUTRE"	276	315	""	""	NA	1	1.3	1.3	20140623	8	8	21	5.2	1
19931	NA	"CORDBI"	260	NA	""	"S"	NA	NA	1.3	NA	20140620	7	9	12	0.8	7.7
19932	NA	"ALSEBL"	315	315	"B"	""	NA	1	1.3	3.62	20140620	7	9	31	14.8	1
19933	NA	"OCOTOB"	310	NA	""	"N"	NA	NA	1.3	NA	20140620	6	9	12	2	5.6
19934	NA	"ALCHLA"	221	260	""	""	NA	2	1.3	1.3	20140620	6	9	23	9	13
19935	NA	"CORDBI"	216	312	""	""	NA	1	1.3	1.3	20140620	6	9	21	7	1.8
19936	NA	"TAB2AR"	458	495	""	""	NA	1	1.3	1.3	20140620	6	9	33	10.2	10.3
19937	NA	"CORDBI"	201	NA	"Q"	"N"	NA	NA	1.3	NA	20140620	6	9	33	12	14
19938	NA	"CECRIN"	428	410	""	""	NA	1	1.3	3.85	20140620	6	9	43	19.8	10.3
19940	NA	"CECRIN"	409	NA	"B"	"S"	NA	NA	1.3	NA	20140620	6	9	41	19.8	1.8
19941	NA	"POULAR"	258	NA	""	"C"	NA	NA	1.3	NA	20140620	5	9	24	8	19
19942	NA	"CECRIN"	551	NA	"B"	"S"	NA	NA	1.3	NA	20140620	5	9	23	9.8	12
19943	NA	"GUSTSU"	308	326	""	""	NA	1	1.3	1.3	20140620	5	9	33	13	12
22008	NA	"TRI2TU"	282	286	""	""	NA	1	1.3	1.3	20140618	1	10	43	16.5	10.5
22011	NA	"ALSEBL"	668	632	""	""	NA	1	1.3	3.6	20140618	0	1	21	7.2	4.3
22301	NA	"NECTCI"	NA	285	NA	""	NA	1	NA	1.3	NA	4	3	13	2.5	1.5
22302	NA	"CORDBI"	NA	215	NA	""	NA	1	NA	1.3	NA	4	4	21	3	1.9
22304	NA	"TAB2AR"	NA	232	NA	""	NA	1	NA	1.3	NA	4	5	42	1.3	2.5
22305	NA	"ZANTPA"	NA	289	NA	""	NA	1	NA	1.3	NA	4	5	31	1.6	1.8
22309	NA	"INGAM2"	NA	215	NA	""	NA	1	NA	1.3	NA	4	6	23	1.9	2.9
22311	NA	"CORDBI"	NA	228	NA	""	NA	1	NA	1.3	NA	4	7	34	3.5	3.1
22313	NA	"CORDBI"	NA	235	NA	""	NA	1	NA	1.3	NA	4	8	43	0.2	1.5
22314	NA	"INGA"	NA	202	NA	""	NA	1	NA	1.3	NA	4	8	22	2.9	3
22315	NA	"SIMAAM"	NA	267	NA	""	NA	1	NA	1.3	NA	4	9	21	2.2	1.9
22316	NA	"TACHVE"	NA	205	NA	""	NA	1	NA	1.3	NA	4	9	31	2.2	2.3
22317	NA	"CORDBI"	NA	206	NA	""	NA	1	NA	1.3	NA	4	9	43	2.5	0.2
22319	NA	"GUARGU"	NA	245	NA	""	NA	1	NA	1.3	NA	4	10	41	2.1	1.9
22321	NA	"TAB2AR"	NA	290	NA	""	NA	1	NA	1.3	NA	4	11	43	3.1	1.9
22322	NA	"CECROB"	NA	221	NA	""	NA	1	NA	1.3	NA	4	12	42	1.8	1.2
22326	NA	"HASSFL"	NA	202	NA	""	NA	1	NA	1.3	NA	4	13	41	0.2	0.8
22327	NA	"GUATDU"	NA	301	NA	""	NA	1	NA	1.3	NA	4	14	11	3.6	2.7
22330	NA	"MICOAR"	NA	250	NA	""	NA	1	NA	1.3	NA	6	0	13	1.8	0.6
22331	NA	"HAMPAP"	NA	225	NA	""	NA	1	NA	1.3	NA	6	1	12	4.2	2.2
22332	NA	"SIMAAM"	NA	268	NA	""	NA	1	NA	1.3	NA	6	1	34	3.5	0.9
22333	NA	"INGAM2"	NA	224	NA	""	NA	1	NA	1.3	NA	6	2	32	1.5	4.7
22335	NA	"CECROB"	NA	230	NA	""	NA	1	NA	1.3	NA	6	2	34	3	4.5
22336	NA	"CORDBI"	NA	214	NA	""	NA	1	NA	1.3	NA	6	3	33	1.5	0.1
22337	NA	"CORDBI"	NA	265	NA	""	NA	1	NA	1.3	NA	6	3	33	1.9	2.2
22338	NA	"UNK?"	NA	295	NA	""	NA	1	NA	1.3	NA	6	3	34	0.5	3.9
22339	NA	"TRATAS"	NA	219	NA	""	NA	1	NA	1.3	NA	6	4	42	0.9	3.1
22340	NA	"ALSEBL"	NA	239	NA	""	NA	1	NA	1.3	NA	6	4	42	0.5	4.2
22341	NA	"TET2PA"	NA	265	NA	""	NA	1	NA	1.3	NA	6	4	23	0.5	2.1
22345	NA	"CECRPE"	NA	230	NA	""	NA	1	NA	1.3	NA	6	7	23	3.2	0.5
22346	NA	"CECRIN"	NA	290	NA	"P,Med"	NA	1	NA	1.8	NA	6	7	23	4.5	1.2
22347	NA	"CECRPE"	NA	275	NA	""	NA	1	NA	1.3	NA	6	8	32	3.5	3.5
22348	NA	"CECRIN"	NA	350	NA	""	NA	2	NA	1.3	NA	6	8	24	0.2	3.9
22349	NA	"CORDBI"	NA	212	NA	""	NA	1	NA	1.3	NA	6	9	12	1	1.5
22351	NA	"CORDBI"	NA	270	NA	""	NA	1	NA	1.3	NA	6	9	33	0.8	1.9
22352	NA	"ALCHCO"	NA	295	NA	""	NA	1	NA	1.3	NA	6	9	24	3.1	3
22353	NA	"INGATH"	NA	232	NA	""	NA	1	NA	1.3	NA	6	9	34	1.5	0.2
22354	NA	"CORDAL"	NA	242	NA	""	NA	1	NA	1.3	NA	6	9	34	0.9	4.2
22355	NA	"TAB2AR"	NA	256	NA	""	NA	1	NA	1.3	NA	6	11	22	4.1	4
22356	NA	"TREMMI"	NA	240	NA	""	NA	1	NA	1.3	NA	6	11	12	1.5	2.8
22357	NA	"ZANTBE"	NA	289	NA	""	NA	1	NA	1.3	NA	6	11	12	1.5	3.8
22358	NA	"ZANTBE"	NA	215	NA	""	NA	1	NA	1.3	NA	6	12	21	3.5	0.4
22359	NA	"TRI2PA"	NA	235	NA	""	NA	1	NA	1.3	NA	6	12	32	2.2	3.9
22360	NA	"CORDBI"	NA	263	NA	""	NA	1	NA	1.3	NA	6	12	14	1	0.3
22361	NA	"VIROSE"	NA	221	NA	""	NA	1	NA	1.3	NA	6	13	23	2.5	1.6
22362	NA	"GUATGU"	NA	270	NA	""	NA	1	NA	1.3	NA	6	13	33	0.3	2.2
22363	NA	"GUARGU"	NA	224	NA	""	NA	1	NA	1.3	NA	6	14	42	3.1	3.2
22364	NA	"PLA2EL"	NA	229	NA	""	NA	1	NA	1.3	NA	8	1	22	2.3	4.6
22366	NA	"CECRIN"	NA	204	NA	""	NA	1	NA	1.3	NA	8	3	22	0.5	4.7
22367	NA	"CORDBI"	NA	205	NA	""	NA	1	NA	1.3	NA	8	3	32	0.8	4.1
22369	NA	"TERMAM"	NA	NA	NA	""	NA	1	NA	1.3	NA	8	4	21	2.9	0.7
22370	NA	"GUATDU"	NA	410	NA	""	NA	1	NA	1.3	NA	8	4	23	1.1	0.5
22371	NA	"NECTCI"	NA	300	NA	""	NA	3	NA	1.3	NA	8	5	22	3.3	3.7
22372	NA	"POUTRE"	NA	214	NA	""	NA	1	NA	1.3	NA	8	6	33	0.5	1.8
22374	NA	"ZANTBE"	NA	430	NA	""	NA	1	NA	1.3	NA	8	6	24	2.9	3.7
22376	NA	"CORDBI"	NA	237	NA	""	NA	1	NA	1.3	NA	8	7	42	3.5	4.5
22380	NA	"TACHVE"	NA	338	NA	""	NA	1	NA	1.3	NA	8	9	31	0.3	1.7
22381	NA	"JAC1CO"	NA	328	NA	""	NA	1	NA	1.3	NA	8	9	31	0.3	4.5
22382	NA	"OCOTOB"	NA	240	NA	""	NA	1	NA	1.3	NA	8	9	31	2.6	3.6
22383	NA	"SIMAAM"	NA	304	NA	""	NA	1	NA	1.3	NA	8	9	14	0.5	4.1
22384	NA	"ZANTBE"	NA	299	NA	""	NA	1	NA	1.3	NA	8	10	12	2.1	1.1
22385	NA	"NECTCI"	NA	240	NA	""	NA	1	NA	1.3	NA	8	10	31	0.2	2.1
22386	NA	"ZANTP1"	NA	249	NA	""	NA	1	NA	1.3	NA	8	10	41	3.1	1.8
22387	NA	"VIROSE"	NA	208	NA	""	NA	1	NA	1.3	NA	8	10	14	3.7	1.1
22388	NA	"OCOTOB"	NA	419	NA	""	NA	2	NA	1.3	NA	8	10	24	0.5	0.3
22389	NA	"ZANTBE"	NA	360	NA	""	NA	1	NA	1.3	NA	8	10	24	3.9	3.5
22394	NA	"PROTTE"	NA	210	NA	""	NA	1	NA	1.3	NA	8	13	34	1.9	3.8
22395	NA	"DENDAR"	NA	210	NA	""	NA	1	NA	1.3	NA	8	12	22	3.8	4
22397	NA	"COCCMA"	NA	225	NA	""	NA	3	NA	1.3	NA	9	12	41	1.5	4.5
22399	NA	"ALSEBL"	NA	215	NA	""	NA	1	NA	1.3	NA	9	14	41	0.8	1.1
22400	NA	"VIROSE"	NA	220	NA	""	NA	1	NA	1.3	NA	9	14	42	1	0.1
23913	NA	"OCOTOB"	450	NA	"B"	"C"	NA	NA	3	NA	20140623	9	13	32	13	6.8
23914	NA	"DENDAR"	420	NA	""	"S"	NA	NA	1.3	NA	20140623	9	13	41	18	2
23915	NA	"HIRTTR"	223	228	""	""	NA	1	1.3	1.3	20140623	9	12	12	1.2	6.2
23916	NA	"TRI2TU"	284	320	""	""	NA	1	1.3	1.3	20140623	9	12	13	3.5	11.4
23917	NA	"CORDBI"	308	309	""	""	NA	1	1.3	1.3	20140623	9	12	24	5.3	19
23918	NA	"AST2GR"	204	223	""	""	NA	1	1.3	1.3	20140623	9	12	23	8.8	12.7
23920	NA	"SIMAAM"	540	NA	""	"N"	NA	NA	1.3	NA	20140623	9	12	31	11	3.4
23921	NA	"TRI2TU"	338	353	""	"Q"	NA	1	1.3	1.3	20140623	9	12	33	13	14
23922	NA	"TRI2TU"	526	530	""	""	NA	1	1.3	1.3	20140623	9	12	34	13	19
23923	NA	"DENDAR"	310	313	""	""	NA	1	1.3	1.3	20140623	9	12	42	15.3	7.8
23924	NA	"NECTCI"	232	324	"M"	""	NA	8	1.3	1.3	20140623	9	11	12	3.8	9
23925	NA	"DIPTPA"	1119	1140	"B"	""	NA	1	3.6	3.6	20140623	9	11	14	1	16.7
23926	NA	"SIMAAM"	214	257	""	""	NA	1	1.3	1.3	20140623	9	11	24	8	19
23927	NA	"UNONPA"	211	NA	""	"C"	NA	NA	1.3	NA	20140623	9	11	24	8.8	16
23928	NA	"DIO2AR"	200	249	""	""	NA	1	1.3	1.3	20140623	9	11	22	6.2	9
23930	NA	"JAC1CO"	269	283	""	""	NA	1	1.3	1.3	20140623	9	11	34	14	19.9
23931	NA	"TET2PA"	338	387	""	""	NA	1	1.3	1.3	20140623	9	11	42	19.1	9.8
23932	NA	"HIRTTR"	258	277	""	""	NA	1	1.3	1.3	20140623	9	10	24	6.2	17.8
23933	NA	"ALSEBL"	460	499	""	""	NA	1	1.3	1.3	20140623	9	10	31	14	1.4
23934	NA	"POUTRE"	328	425	""	""	NA	1	1.3	1.3	20140623	9	10	31	14	2.7
23936	NA	"GUARGU"	513	520	"M"	""	NA	3	1.3	1.3	20140623	9	10	42	15.2	8.4
23937	NA	"TET2PA"	365	422	""	""	NA	1	1.3	1.3	20140623	9	9	24	5.1	18.5
29892	NA	"HASSFL"	387	523	""	""	NA	7	1.3	1.3	20140619	4	13	41	17	1.7
23939	NA	"VIROSU"	600	665	"B"	""	NA	1	3.28	3.28	20140623	9	9	44	18.9	15.1
23940	NA	"QUARAS"	209	266	""	""	NA	1	1.3	1.3	20140618	0	0	22	6.8	9.7
23941	NA	"HASSFL"	243	258	"M"	""	NA	2	1.3	1.3	20140618	0	0	12	3.3	6
23942	NA	"ALSEBL"	720	760	"B"	""	NA	1	3.33	3.33	20140618	0	0	33	10.2	11
23943	NA	"POUTST"	302	NA	""	"N"	NA	NA	1.3	NA	20140618	0	0	34	11	16.7
23945	NA	"VIROSE"	263	265	""	""	NA	1	1.3	1.3	20140618	0	1	14	2	18.2
23946	NA	"TRI2TU"	261	300	""	""	NA	1	1.3	1.3	20140618	0	1	22	7	9
23947	NA	"ALSEBL"	385	395	""	""	NA	1	1.3	1.3	20140618	0	1	21	8	4
23948	NA	"TET2PA"	545	547	"B"	""	NA	1	3.15	3.15	20140618	0	1	42	17	9
23949	NA	"QUARAS"	301	376	"B"	""	NA	1	3.33	3.33	20140618	0	1	34	14.8	19
23950	NA	"TRI2TU"	263	270	""	""	NA	1	1.3	1.3	20140618	0	2	11	2	1.4
23951	NA	"BEILPE"	502	502	"B"	""	NA	1	3.52	3.52	20140618	0	2	22	5.1	7
23952	NA	"VIROSE"	263	280	""	""	NA	1	1.3	1.3	20140618	0	2	22	6.3	7.8
23953	NA	"TAB2AR"	524	525	"BQ"	"Q"	NA	1	3.12	3.12	20140618	0	2	32	12	6.4
23955	NA	"APEIME"	451	488	"B"	""	NA	1	3.55	3.55	20140618	0	2	33	10.4	13.5
23956	NA	"ALSEBL"	368	375	""	""	NA	1	1.3	1.3	20140618	0	3	11	1	1.6
23957	NA	"DENDAR"	441	NA	""	"C"	NA	NA	1.3	NA	20140618	0	3	12	0.6	9.6
23958	NA	"POUTRE"	556	NA	"B"	"C"	NA	NA	3.33	NA	20140618	0	3	14	1.3	15.7
23959	NA	"TRI2TU"	245	254	""	""	NA	1	1.3	1.3	20140618	0	3	11	1	2.2
23960	NA	"DRYPST"	232	248	""	"Q"	NA	1	1.3	1.3	20140618	1	0	13	1	11
23961	NA	"UNK?"	310	NA	""	"C"	NA	NA	1.3	NA	20140618	1	0	34	11	18.8
23963	NA	"INGAM2"	253	262	""	""	NA	6	1.3	1.3	20140618	1	1	41	17	1.6
23964	NA	"GUARGU"	241	241	""	""	NA	1	1.3	1.3	20140618	2	0	11	1.3	3.8
23965	NA	"TET2PA"	295	344	""	""	NA	1	1.3	1.3	20140618	2	0	14	1	16
23966	NA	"BROSAL"	676	760	"B"	"P"	NA	1	3.58	3.58	20140618	2	0	24	5.2	16
23967	NA	"CORDBI"	360	376	""	""	NA	1	1.3	1.3	20140618	2	0	23	6.2	11
23968	NA	"DRYPST"	260	290	""	""	NA	1	1.3	1.3	20140620	5	0	41	18	1
23969	NA	"DRYPST"	269	326	""	""	NA	1	1.3	1.3	20140620	5	0	41	15.2	3.8
23970	NA	"TRI2TU"	297	NA	""	"S"	NA	NA	1.3	NA	20140620	7	0	21	5.8	1
23971	NA	"TRI2TU"	226	NA	""	"S"	NA	NA	1.3	NA	20140620	7	0	31	12	1.3
23972	NA	"TRI2TU"	438	468	"B"	""	NA	1	3.29	3.29	20140620	7	0	43	19	11
23973	NA	"DRYPST"	233	285	""	""	NA	1	1.3	1.3	20140623	8	0	12	3.7	9.8
23974	NA	"ZANTP1"	271	370	""	""	NA	1	1.3	1.3	20140623	8	0	14	0.3	15.3
23975	NA	"TRI2TU"	269	290	""	""	NA	1	1.3	1.3	20140623	8	0	14	2.2	15.4
23976	NA	"GUSTSU"	269	NA	"M"	"N"	NA	NA	1.3	NA	20140623	8	0	22	7	9
23977	NA	"TRI2TU"	381	385	""	""	NA	1	1.3	1.3	20140623	8	0	21	8	2
23978	NA	"ALSEBL"	513	525	"B"	""	NA	1	3.55	3.55	20140623	8	0	21	8.2	3
23979	NA	"UNK?"	400	NA	"B"	"C"	NA	NA	3.54	NA	20140623	8	0	31	13	4
23980	NA	"CORDBI"	366	NA	""	"N"	NA	NA	1.3	NA	20140623	8	0	43	18.8	11
23981	NA	"VIROSE"	271	300	""	""	NA	1	1.3	1.3	20140623	8	1	21	5.2	4
23982	NA	"HIRTTR"	311	315	""	""	NA	1	1.3	1.3	20140623	8	1	31	13	3.2
23983	NA	"GUAPST"	432	450	"B"	""	NA	1	3.4	3.4	20140623	8	1	32	11	9
23984	NA	"QUARAS"	285	312	""	""	NA	1	1.3	1.3	20140623	9	0	14	4	15.7
23986	NA	"ALSEBL"	269	320	"B"	""	NA	1	2.99	2.99	20140623	9	0	23	8	12
23987	NA	"CASEAR"	308	NA	"L"	"C"	NA	NA	1.3	NA	20140623	9	0	22	8.3	9.6
23988	NA	"TAB1RO"	215	287	""	""	NA	1	1.3	1.3	20140623	9	0	33	11.4	11.6
23990	NA	"CASSEL"	279	300	""	""	NA	1	1.3	1.3	20140623	9	0	43	16	11
23991	NA	"ALSEBL"	276	280	""	""	NA	1	1.3	1.3	20140623	9	1	21	7.2	1.5
23992	NA	"TRI2TU"	490	NA	""	"C"	NA	NA	1.3	NA	20140623	9	1	13	0.2	10.8
23993	NA	"CORDBI"	410	445	""	""	NA	1	1.3	1.3	20140623	9	1	23	6.8	10.7
23994	NA	"GUSTSU"	318	NA	""	"N"	NA	NA	1.3	NA	20140623	9	1	22	7.2	9.2
23995	NA	"POUTRE"	254	289	""	""	NA	1	1.3	1.3	20140623	9	1	21	7.4	4
23996	NA	"QUARAS"	617	640	"B"	""	NA	1	3.54	3.54	20140623	9	1	41	15.1	2
23997	NA	"JAC1CO"	362	510	""	""	NA	1	1.3	1.3	20140623	9	1	43	18	11
23998	NA	"TRI2TU"	219	244	""	""	NA	1	1.3	1.3	20140623	9	2	21	5.2	2.4
23999	NA	"TRI2TU"	310	314	""	""	NA	1	1.3	1.3	20140623	9	8	33	14.8	10.8
24000	NA	"POTRE"	340	NA	""	"S"	NA	NA	1.3	NA	20140623	9	8	34	12.5	18.2
24805	NA	"TAB2AR"	461	NA	"B"	"S"	NA	NA	3.24	NA	20140623	9	2	21	9.2	3.7
24806	NA	"TAB2AR"	365	NA	""	"C"	NA	NA	1.3	NA	20140623	9	2	31	14.2	2.5
24807	NA	"TET2PA"	511	554	"B"	""	NA	1	3	3	20140623	9	2	43	18.2	11
24808	NA	"PIT1RU"	280	299	""	""	NA	1	1.3	1.3	20140623	9	3	42	18	8.8
29835	NA	"TAB2AR"	515	575	"B"	""	NA	1	3.4	3.4	20140618	2	9	11	1.8	2.8
29836	NA	"INGAMA"	339	367	""	""	NA	1	1.3	1.3	20140618	2	9	14	4	17
29837	NA	"VIROSU"	210	NA	""	"C"	NA	NA	1.3	NA	20140618	2	9	23	9.6	11.7
29838	NA	"TAB2AR"	286	294	""	""	NA	1	1.3	1.3	20140618	2	9	22	5.8	7.7
29839	NA	"QUARAS"	270	340	""	""	NA	1	1.3	1.3	20140618	2	10	33	12.2	14
29840	NA	"ZANTBE"	348	478	""	""	NA	1	1.3	1.3	20140618	2	10	22	9.5	6
29841	NA	"HEISCO"	270	289	""	""	NA	1	1.3	1.3	20140618	2	10	43	19.3	11.4
29842	NA	"TAB2AR"	468	510	"B"	""	NA	1	3	3	20140618	2	10	41	18.3	2.8
29843	NA	"VIROSE"	250	282	""	""	NA	1	1.3	1.3	20140618	2	10	41	19.3	3.2
29844	NA	"GAR2IN"	209	211	""	""	NA	1	1.3	1.3	20140618	2	11	11	4.2	2.8
29845	NA	"HYERAL"	595	615	"B"	""	NA	1	3	3	20140618	2	11	12	3	6.6
29846	NA	"CELTSC"	302	347	""	""	NA	1	1.3	1.3	20140618	2	11	12	4.8	9.7
29847	NA	"EUGEOE"	305	356	""	""	NA	1	1.3	1.3	20140618	2	11	13	3.7	10.3
29848	NA	"QUARAS"	394	399	"B"	""	NA	1	3.45	3.45	20140618	2	11	31	11.4	4.8
29849	NA	"POUTST"	397	NA	"B"	"C"	NA	NA	3.44	NA	20140618	2	11	31	12.7	0.2
29850	NA	"QUARAS"	375	404	"B"	""	NA	1	3.5	3.5	20140618	2	11	42	17.5	9.2
29851	NA	"SCHIPA"	251	NA	""	"S"	NA	NA	1.3	NA	20140618	2	12	13	1	12.3
29852	NA	"HURACR"	1600	1630	"B"	"P"	NA	1	3.35	3.35	20140618	2	11	41	19.2	4
29853	NA	"ALSEBL"	247	271	""	""	NA	1	1.3	1.3	20140618	2	12	13	1.2	14
29854	NA	"OCOTPU"	204	324	""	"Q"	NA	1	1.3	1.3	20140618	2	12	24	9.3	16.4
29855	NA	"OCOTOB"	455	670	""	""	NA	1	1.3	1.3	20140618	2	12	23	8.8	11.6
29856	NA	"INGASA"	205	NA	"M"	"Q"	NA	1	1.3	1.3	20140618	2	12	21	7.2	1.3
29857	NA	"ZANTP1"	414	NA	"B"	"C"	NA	NA	3.33	NA	20140618	2	12	41	15.3	4
29858	NA	"POUTRE"	630	658	"B"	""	NA	1	3.28	3.28	20140618	2	12	42	17	8.5
29859	NA	"PTERRO"	246	200	"Q"	"P"	NA	1	1.3	1.3	20140618	2	12	34	14	15.2
29860	NA	"TAB2AR"	355	440	"B"	"P"	NA	1	3.3	3.3	20140618	2	12	44	15.3	18
29861	NA	"UNK?"	481	NA	"Q"	"N"	NA	NA	1.3	NA	20140618	2	13	11	2.5	0.2
29862	NA	"PROTPA"	205	NA	""	"N"	NA	NA	1.3	NA	20140618	2	13	11	3	2.7
29863	NA	"CORDBI"	314	363	""	""	NA	1	1.3	1.3	20140618	2	13	22	6.5	5.2
29864	NA	"INGAMA"	349	NA	"M"	"C"	NA	NA	1.3	NA	20140618	2	13	21	9.3	2.4
29865	NA	"SIMAAM"	320	NA	""	"C"	NA	NA	1.3	NA	20140618	2	13	31	11	2.5
29866	NA	"OCOTOB"	268	NA	""	"N"	NA	NA	1.3	NA	20140618	2	13	31	11	4.8
29867	NA	"CORDBI"	265	308	""	""	NA	1	1.3	1.3	20140618	2	13	34	10.1	17.3
29868	NA	"CASEAR"	234	NA	""	"N"	NA	NA	1.3	NA	20140618	2	14	12	3	5.6
29869	NA	"HEISCO"	258	NA	""	"S"	NA	NA	1.3	NA	20140618	2	14	13	3	14.7
29870	NA	"TET2PA"	437	443	""	""	NA	1	1.3	1.3	20140618	2	14	31	14	2.6
29871	NA	"VIROSE"	235	258	""	""	NA	1	1.3	1.3	20140618	2	14	31	14.8	4.8
29872	NA	"ALSEBL"	366	407	"B"	""	NA	1	3.44	3.44	20140618	2	14	32	13	9.4
29873	NA	"JAC1CO"	624	NA	"B"	"C"	NA	NA	3.6	NA	20140618	2	14	33	14.8	10.7
29874	NA	"DENDAR"	213	215	""	""	NA	1	1.3	1.3	20140618	2	14	43	15.2	11
29875	NA	"TAB2AR"	508	508	"B"	""	NA	1	3.35	3.35	20140619	4	14	24	7.3	15.3
29876	NA	"VIROSE"	233	267	""	""	NA	1	1.3	1.3	20140619	4	14	24	9.4	19.4
29878	NA	"TRI2TU"	416	NA	""	"S"	NA	NA	1.3	NA	20140619	4	14	44	18	16
29879	NA	"VIROSU"	724	648	"B"	""	NA	1	3.45	5.7	20140619	4	14	43	16	10.8
29880	NA	"HIRTTR"	232	260	""	""	NA	1	1.3	1.3	20140619	4	14	42	15.8	9.2
29881	NA	"TET2PA"	509	NA	"B"	"S"	NA	NA	3.2	NA	20140619	4	13	11	1.2	2.8
29883	NA	"BEILPE"	224	NA	""	"N"	NA	NA	1.3	NA	20140619	4	13	12	3.7	6.7
29884	NA	"ALSEBL"	332	338	"B"	""	NA	1	3	3	20140619	4	13	14	0.3	15.4
29886	NA	"DENDAR"	453	NA	""	"S"	NA	NA	1.3	NA	20140619	4	13	14	4.7	16.5
29887	NA	"TET2PA"	272	303	""	""	NA	1	1.3	1.3	20140619	4	13	34	13	19.9
29888	NA	"NECTCI"	28	NA	"M"	"N"	NA	NA	1.3	NA	20140619	4	13	34	10.2	16
29890	NA	"TRI2TU"	297	300	""	""	NA	1	1.3	1.3	20140619	4	13	21	9.2	3
29891	NA	"ALCHCO"	536	564	""	""	NA	1	1.3	1.3	20140619	4	13	31	12.2	2.1
49657	NA	"INGAM2"	NA	207	NA	""	NA	1	NA	1.3	NA	3	4	23	1.8	2
29894	NA	"ALCHCO"	348	362	""	""	NA	4	1.3	1.3	20140619	4	12	13	3	12.3
29895	NA	"ZANTP1"	308	NA	""	"S"	NA	NA	1.3	NA	20140619	4	12	24	8	16.8
29896	NA	"NECTCI"	421	454	"M"	""	NA	12	1.3	1.3	20140619	4	12	33	10.3	13
29897	NA	"TURPOC"	231	NA	"M"	"S"	NA	NA	1.3	NA	20140619	4	12	33	14.7	13.1
29898	NA	"CASEAR"	229	NA	""	"C"	NA	NA	1.3	NA	20140619	4	12	43	18	10.5
48875	NA	"EUGECO"	NA	241	NA	""	NA	1	NA	1.3	NA	2	0	11	2.5	1
48876	NA	"SIMAAM"	NA	210	NA	""	NA	1	NA	1.3	NA	2	0	12	2.8	3.6
48878	NA	"ALSEBL"	NA	270	NA	""	NA	1	NA	1.3	NA	2	0	21	2.9	4.8
48879	NA	"CELTSC"	NA	243	NA	""	NA	1	NA	1.3	NA	2	0	43	3.5	0.5
48880	NA	"ALSEBL"	NA	222	NA	""	NA	1	NA	1.3	NA	2	1	44	4.8	4.8
48881	NA	"HAMPAP"	NA	239	NA	""	NA	1	NA	1.3	NA	2	2	32	4.8	4.8
48884	NA	"ZANTPA"	NA	253	NA	""	NA	1	NA	1.3	NA	2	3	23	2.1	0.3
48886	NA	"TAB2AR"	NA	227	NA	""	NA	1	NA	1.3	NA	2	4	34	4.8	2.9
48887	NA	"INGAM2"	NA	283	NA	""	NA	2	NA	1.3	NA	2	4	34	2.2	2.5
48890	NA	"OCOTOB"	NA	370	NA	""	NA	1	NA	1.3	NA	2	5	13	3.5	1.5
48892	NA	"HASSFL"	NA	235	NA	""	NA	1	NA	1.3	NA	2	6	23	4.7	1.1
48893	NA	"TAB2AR"	NA	310	NA	""	NA	1	NA	1.3	NA	2	6	32	3	3.5
48894	NA	"INGAPE"	NA	302	NA	""	NA	1	NA	1.3	NA	2	6	43	1	3.5
48898	NA	"CASEAR"	NA	207	NA	""	NA	1	NA	1.3	NA	2	8	24	3.5	1.6
48900	NA	"QUARAS"	NA	220	NA	""	NA	1	NA	1.3	NA	2	12	22	4.8	2.5
48903	NA	"PIT1BA"	NA	222	NA	""	NA	1	NA	1.3	NA	2	13	14	1	4.5
48904	NA	"CECRIN"	NA	254	NA	"P,MED"	NA	2	NA	1.7	NA	2	13	14	3.5	4.5
48905	NA	"ZANTBE"	NA	463	NA	"48902map"	NA	1	NA	1.3	NA	2	13	14	1	3.1
48906	NA	"OCHRPY"	NA	338	NA	""	NA	1	NA	1.3	NA	2	14	11	0.1	3.8
48907	NA	"VIROSE"	NA	240	NA	""	NA	1	NA	1.3	NA	2	14	34	0.5	1
48908	NA	"HEISCO"	NA	228	NA	""	NA	1	NA	1.3	NA	2	14	44	0.9	4
48910	NA	"DENDAR"	NA	242	NA	""	NA	1	NA	1.3	NA	7	0	42	3.1	3.8
48911	NA	"POUTRE"	NA	265	NA	""	NA	1	NA	1.3	NA	7	1	22	3.1	2.9
48914	NA	"CORDAL"	NA	225	NA	""	NA	1	NA	1.3	NA	7	3	33	4.2	0.1
48915	NA	"DRYPST"	NA	215	NA	""	NA	1	NA	1.3	NA	7	3	12	3.8	4.8
48918	NA	"DRYPST"	NA	258	NA	""	NA	2	NA	1.3	NA	7	5	12	2.9	4.5
48920	NA	"DRYPST"	NA	200	NA	""	NA	1	NA	1.3	NA	7	5	41	1.1	1.9
48921	NA	"VIROSE"	NA	224	NA	""	NA	1	NA	1.3	NA	7	6	21	0.6	1.5
48922	NA	"NECTCI"	NA	288	NA	""	NA	4	NA	1.3	NA	7	6	21	4.8	1.9
48923	NA	"INGAMU"	NA	205	NA	""	NA	1	NA	1.3	NA	7	6	31	0.9	2.1
48924	NA	"TURPOC"	NA	223	NA	""	NA	1	NA	1.3	NA	7	6	31	0.5	4
48925	NA	"UNONPI"	NA	205	NA	""	NA	1	NA	1.3	NA	7	6	44	0.9	0.9
48926	NA	"CECROB"	NA	202	NA	""	NA	1	NA	1.3	NA	7	7	43	0.3	1.5
48927	NA	"LONCLA"	NA	228	NA	""	NA	1	NA	1.3	NA	7	8	11	2.5	1.1
48929	NA	"NECTCI"	NA	359	NA	""	NA	8	NA	1.3	NA	7	8	32	0.1	0.3
48930	NA	"NECTCI"	NA	242	NA	""	NA	6	NA	1.3	NA	7	8	32	0.2	2
48931	NA	"SIMAAM"	NA	220	NA	""	NA	1	NA	1.3	NA	7	8	42	4.1	3.5
48932	NA	"GAR2IN"	NA	232	NA	""	NA	1	NA	1.3	NA	7	8	44	0.8	1.6
48934	NA	"LACMPA"	NA	217	NA	""	NA	1	NA	1.3	NA	7	9	13	0.5	1.5
48937	NA	"JAC1CO"	NA	229	NA	""	NA	1	NA	1.3	NA	7	10	43	4.2	4.7
48938	NA	"CORDBI"	NA	205	NA	""	NA	1	NA	1.3	NA	7	10	22	2	4.9
48939	NA	"NECTCI"	NA	NA	NA	""	NA	1	NA	1.3	NA	7	11	21	3.8	4.5
48941	NA	"NECTCI"	NA	219	NA	""	NA	4	NA	1.3	NA	7	11	41	2.2	3.5
48942	NA	"NECTCI"	NA	299	NA	""	NA	4	NA	1.3	NA	7	11	43	1.7	0.3
48943	NA	"CELTSC"	NA	201	NA	""	NA	1	NA	1.3	NA	7	12	23	2.1	0.9
48945	NA	"PROTTE"	NA	205	NA	""	NA	2	NA	1.3	NA	7	12	43	0.2	1.1
48946	NA	"ALSEBL"	NA	245	NA	""	NA	1	NA	1.3	NA	7	13	23	2.9	2.1
48949	NA	"PROTTE"	NA	233	NA	""	NA	1	NA	1.3	NA	7	14	32	0.8	3.5
48950	NA	"PROTCO"	NA	205	NA	"map"	NA	1	NA	1.3	NA	9	14	24	3	3.1
49371	NA	"VIROSE"	NA	209	NA	""	NA	1	NA	1.3	NA	0	1	22	3.8	3.1
49373	NA	"FICUMA"	NA	211	NA	""	NA	1	NA	1.3	NA	0	1	24	3.9	3.2
49374	NA	"BEILPE"	NA	234	NA	""	NA	1	NA	1.3	NA	0	2	31	0.7	4.5
49376	NA	"CORDBI"	NA	203	NA	""	NA	1	NA	1.3	NA	0	3	24	2.9	4.2
49377	NA	"VIROSE"	NA	225	NA	""	NA	1	NA	1.3	NA	0	4	23	2.5	1
49378	NA	"BEILPE"	NA	230	NA	""	NA	1	NA	1.3	NA	0	5	41	1.5	3.5
49380	NA	"DRYPST"	NA	201	NA	""	NA	1	NA	1.3	NA	0	6	12	1	3.7
49381	NA	"TET2PA"	NA	215	NA	""	NA	1	NA	1.3	NA	0	5	34	3.5	1.1
49382	NA	"NECTCI"	NA	361	NA	""	NA	2	NA	1.3	NA	0	5	44	0.8	2.1
49383	NA	"ALSEBL"	NA	234	NA	""	NA	1	NA	1.3	NA	0	7	23	2.5	1.5
49384	NA	"PIT1BA"	NA	215	NA	""	NA	1	NA	1.3	NA	0	8	43	3.1	0.8
49385	NA	"TRI2TU"	NA	213	NA	""	NA	1	NA	1.3	NA	0	9	33	1.5	1.3
49386	NA	"INGAM2"	NA	238	NA	""	NA	1	NA	1.3	NA	0	9	24	3.5	3.9
49387	NA	"INGAMA"	NA	500	NA	""	NA	2	NA	1.3	NA	0	11	33	3.8	2.5
49388	NA	"HASSFL"	NA	460	NA	""	NA	1	NA	1.3	NA	0	10	34	1.8	3.7
49389	NA	"HASSFL"	NA	210	NA	""	NA	1	NA	1.3	NA	0	11	31	3.9	3.1
49390	NA	"CORDBI"	NA	260	NA	""	NA	1	NA	1.3	NA	0	12	31	1.5	0.3
49391	NA	"VIROSE"	NA	253	NA	""	NA	1	NA	1.3	NA	0	13	14	3.6	1.8
49392	NA	"HEISCO"	NA	235	NA	""	NA	1	NA	1.3	NA	0	14	13	2.5	0.8
49393	NA	"HEISCO"	NA	220	NA	""	NA	1	NA	1.3	NA	0	14	31	0.5	1.6
49394	NA	"PIT1BA"	NA	253	NA	""	NA	1	NA	1.3	NA	0	14	32	1.5	4.1
49397	NA	"CHR2AR"	NA	233	NA	""	NA	1	NA	1.3	NA	4	2	11	1.8	0.9
49398	NA	"DRYPST"	NA	220	NA	""	NA	1	NA	1.3	NA	4	2	22	1.5	3.5
49399	NA	"NECTCI"	NA	327	NA	""	NA	6	NA	1.3	NA	4	3	32	3.5	1.1
49400	NA	"ZANTPR"	NA	263	NA	""	NA	1	NA	1.3	NA	4	3	34	3.6	0.5
49601	NA	"ALSEBL"	NA	250	NA	""	NA	1	NA	1.3	NA	1	0	34	3.1	4
49602	NA	"OCOTPU"	NA	223	NA	""	NA	1	NA	1.3	NA	1	0	42	1	2.9
49603	NA	"INGASA"	NA	298	NA	""	NA	1	NA	1.3	NA	1	0	41	0.2	0.2
49605	NA	"CELTSC"	NA	330	NA	""	NA	1	NA	1.3	NA	1	2	13	1.8	2.1
49606	NA	"OCOTOB"	NA	226	NA	""	NA	1	NA	1.3	NA	1	2	34	0.5	0.9
49607	NA	"TAB2AR"	NA	322	NA	""	NA	1	NA	1.3	NA	1	2	32	1.9	0.8
49608	NA	"CHR2AR"	NA	228	NA	""	NA	1	NA	1.3	NA	1	2	31	1.3	3.7
49609	NA	"VIROSE"	NA	239	NA	""	NA	1	NA	1.3	NA	1	2	42	4.5	1.8
49611	NA	"ZANTBE"	NA	279	NA	""	NA	1	NA	1.3	NA	1	2	43	0.8	1.6
49612	NA	"CASEAR"	NA	230	NA	""	NA	1	NA	1.3	NA	1	3	21	3.1	0.2
49613	NA	"INGASP"	NA	221	NA	""	NA	2	NA	1.3	NA	1	4	14	4.1	2.2
49614	NA	"INGAM2"	NA	221	NA	""	NA	1	NA	1.3	NA	1	4	43	4.6	4.8
49615	NA	"ZANTBE"	NA	235	NA	""	NA	1	NA	1.3	NA	1	5	13	4.3	0.2
49616	NA	"TREMIN"	NA	434	NA	""	NA	1	NA	1.3	NA	1	5	23	4.8	0.2
49618	NA	"FARAOC"	NA	211	NA	""	NA	1	NA	1.3	NA	1	6	23	1.2	2.9
49622	NA	"GUATDU"	NA	NA	NA	""	NA	1	NA	1.3	NA	1	7	21	4	1.7
49627	NA	"VIROSE"	NA	277	NA	""	NA	1	NA	1.3	NA	1	8	11	4.9	2.9
49628	NA	"TET2PA"	NA	237	NA	""	NA	1	NA	1.3	NA	1	8	32	1.3	3.5
49629	NA	"ALSEBL"	NA	218	NA	""	NA	1	NA	1.3	NA	1	8	43	0.2	0.1
49630	NA	"TAB2AR"	NA	210	NA	""	NA	1	NA	1.3	NA	1	9	23	4.8	4.8
49631	NA	"POSOLA"	NA	220	NA	""	NA	1	NA	1.3	NA	1	9	22	1.1	0.2
49632	NA	"HEISCO"	NA	236	NA	""	NA	1	NA	1.3	NA	1	9	32	0.1	0.1
49633	NA	"ALSEBL"	NA	268	NA	""	NA	1	NA	1.3	NA	1	9	31	0.3	0.2
49634	NA	"OCOTOB"	NA	358	NA	""	NA	1	NA	1.3	NA	1	10	14	3.1	3
49635	NA	"VIROSU"	NA	321	NA	""	NA	1	NA	1.3	NA	1	10	22	1.2	4.5
49636	NA	"ALSEBL"	NA	227	NA	""	NA	1	NA	1.3	NA	1	10	24	3.8	3.1
49637	NA	"OCOTOB"	NA	218	NA	""	NA	1	NA	1.3	NA	1	11	11	0.3	0.3
49638	NA	"CECRIN"	NA	223	NA	"P,Med"	NA	1	NA	1.5	NA	1	12	21	1.1	4.1
49639	NA	"CORDBI"	NA	203	NA	""	NA	1	NA	1.3	NA	1	12	12	3.5	2.1
49640	NA	"ALSEBL"	NA	215	NA	""	NA	1	NA	1.3	NA	1	12	34	3.7	4
49641	NA	"ALSEBL"	NA	200	NA	""	NA	1	NA	1.3	NA	1	13	22	0.3	2.5
49642	NA	"CELTSC"	NA	228	NA	""	NA	1	NA	1.3	NA	1	13	13	3.9	1.1
49643	NA	"UNK?"	NA	206	NA	""	NA	1	NA	1.3	NA	1	13	14	0.9	3.2
49644	NA	"CORDBI"	NA	236	NA	""	NA	1	NA	1.3	NA	1	14	21	1	2.8
49645	NA	"SPONRA"	NA	325	NA	""	NA	1	NA	1.3	NA	1	14	32	3.1	0.2
49649	NA	"TAB2AR"	NA	213	NA	""	NA	1	NA	1.3	NA	3	1	43	1.7	1.7
49650	NA	"APEIME"	NA	203	NA	""	NA	1	NA	1.3	NA	3	1	42	1.7	3.1
49651	NA	"SIMAAM"	NA	243	NA	""	NA	1	NA	1.3	NA	3	2	14	3.5	3.5
49652	NA	"TURPOC"	NA	231	NA	"Q"	NA	1	NA	1.3	NA	3	3	12	1.5	3.1
49653	NA	"SIMAAM"	NA	270	NA	""	NA	1	NA	1.3	NA	3	3	14	0.5	1.8
49654	NA	"GAR2MA"	NA	203	NA	"Q"	NA	1	NA	1.3	NA	3	3	14	4.7	3.9
49720	NA	"CECRIN"	NA	249	NA	""	NA	1	NA	1.3	NA	9	3	21	2.7	1.9
49659	NA	"UNK?"	NA	231	NA	""	NA	1	NA	1.3	NA	3	4	43	2.1	0.1
49660	NA	"VIROSE"	NA	222	NA	""	NA	1	NA	1.3	NA	3	5	13	4.2	2.1
49662	NA	"TAB2AR"	NA	245	NA	""	NA	1	NA	1.3	NA	3	6	11	0.5	4.1
49663	NA	"HEISCO"	NA	200	NA	""	NA	1	NA	1.3	NA	3	6	32	1	4.2
49664	NA	"OCOTOB"	NA	306	NA	""	NA	1	NA	1.3	NA	3	6	33	2.2	3.7
49667	NA	"CORDBI"	NA	201	NA	""	NA	1	NA	1.3	NA	3	7	42	0.2	2.5
49669	NA	"DENDAR"	NA	264	NA	""	NA	1	NA	1.3	NA	3	9	34	1.6	1.9
49670	NA	"ZANTPR"	NA	240	NA	""	NA	1	NA	1.3	NA	3	10	31	3.9	0.9
49673	NA	"NECTCI"	NA	256	NA	""	NA	4	NA	1.3	NA	3	11	42	4.5	1.6
49674	NA	"APEIME"	NA	206	NA	""	NA	1	NA	1.3	NA	3	12	44	4.8	1.2
49675	NA	"CORDBI"	NA	254	NA	""	NA	1	NA	1.3	NA	3	13	13	0.2	4
49680	NA	"MYRCGA"	NA	209	NA	""	NA	1	NA	1.3	NA	5	1	44	0.1	0.1
49681	NA	"APEIME"	NA	219	NA	""	NA	1	NA	1.3	NA	5	1	41	0.1	4.9
49682	NA	"CASSEL"	NA	210	NA	""	NA	1	NA	1.3	NA	5	2	21	1.7	2.2
49683	NA	"ZANTBE"	NA	679	NA	""	NA	1	NA	1.3	NA	5	2	32	0.1	4.8
49684	NA	"INGAPU"	NA	260	NA	""	NA	1	NA	1.3	NA	5	2	43	2.6	3.1
49687	NA	"INGAM2"	NA	245	NA	""	NA	1	NA	1.3	NA	5	4	13	4.5	4.1
49688	NA	"UNK?"	NA	256	NA	""	NA	1	NA	1.3	NA	5	5	11	4.5	0.1
49689	NA	"CORDBI"	NA	225	NA	""	NA	1	NA	1.3	NA	5	5	11	3.1	1.7
49694	NA	"OCOTCE"	NA	230	NA	""	NA	1	NA	1.3	NA	5	7	22	2.2	1.3
49695	NA	"CUPACI"	NA	219	NA	""	NA	1	NA	1.3	NA	5	8	13	1.8	1.5
49696	NA	"CELTSC"	NA	220	NA	""	NA	1	NA	1.3	NA	5	8	42	1.8	3.8
49697	NA	"HASSFL"	NA	212	NA	""	NA	3	NA	1.3	NA	5	9	12	0.5	2
49698	NA	"NECTCI"	NA	331	NA	"Q"	NA	12	NA	1.3	NA	5	9	23	4.8	3.9
49699	NA	"VIROSE"	NA	408	NA	""	NA	1	NA	1.3	NA	5	9	34	2.3	3.8
49700	NA	"ALSEBL"	NA	415	NA	""	NA	1	NA	1.3	NA	5	9	43	2.5	3.8
49701	NA	"VIROSU"	NA	221	NA	""	NA	1	NA	1.3	NA	5	11	11	3.1	0.2
49702	NA	"SPONMO"	NA	212	NA	""	NA	1	NA	1.3	NA	5	11	13	2.1	0.5
49703	NA	"ALSEBL"	NA	216	NA	""	NA	1	NA	1.3	NA	5	11	34	1.6	3.5
49706	NA	"VIROSE"	NA	203	NA	""	NA	1	NA	1.3	NA	5	12	13	0.5	3
49709	NA	"ALSEBL"	NA	200	NA	""	NA	1	NA	1.3	NA	5	13	14	2.2	3.1
49710	NA	"NECTCI"	NA	261	NA	""	NA	2	NA	1.3	NA	5	14	24	2.9	4.9
49711	NA	"PROTTE"	NA	229	NA	""	NA	1	NA	1.3	NA	5	14	24	2.8	2.5
49712	NA	"OCOTOB"	NA	258	NA	""	NA	1	NA	1.3	NA	5	14	32	1.3	4.2
49714	NA	"CORDBI"	NA	248	NA	""	NA	1	NA	1.3	NA	9	0	12	2.9	2.6
49715	NA	"PROTTE"	NA	235	NA	""	NA	1	NA	1.3	NA	9	0	41	0.2	4.1
49716	NA	"ALSEBL"	NA	222	NA	""	NA	1	NA	1.3	NA	9	1	34	3.5	1.5
49717	NA	"TRI2TU"	NA	210	NA	""	NA	1	NA	1.3	NA	9	1	33	1.9	4.1
49719	NA	"TRI2TU"	NA	214	NA	""	NA	1	NA	1.3	NA	9	2	31	1	4.8
49740	NA	"NECTCI"	NA	200	NA	""	NA	2	NA	1.3	NA	9	7	33	2.5	0.2
49722	NA	"NECTCI"	NA	237	NA	""	NA	3	NA	1.3	NA	9	4	12	3.5	4.9
49723	NA	"CECRIN"	NA	212	NA	""	NA	1	NA	1.3	NA	9	4	23	0.3	4.8
49724	NA	"NECTCI"	NA	201	NA	""	NA	1	NA	1.3	NA	9	5	14	0.2	0.8
49725	NA	"ALSEBL"	NA	243	NA	""	NA	1	NA	1.3	NA	9	5	14	4.1	1.9
49726	NA	"CORDBI"	NA	223	NA	""	NA	1	NA	1.3	NA	9	5	21	3.1	0.2
49727	NA	"CECROB"	NA	216	NA	"P,Med"	NA	1	NA	1.6	NA	9	5	32	3.7	2.5
49728	NA	"NECTCI"	NA	245	NA	""	NA	1	NA	1.3	NA	9	6	11	4.9	1.7
49729	NA	"VIROSE"	NA	200	NA	""	NA	1	NA	1.3	NA	9	6	11	4.8	4.1
49730	NA	"NECTCI"	NA	260	NA	""	NA	2	NA	1.3	NA	9	6	22	1.1	1.8
49731	NA	"ZANTPR"	NA	263	NA	""	NA	1	NA	1.3	NA	9	6	14	4.9	3
49733	NA	"NECTCI"	NA	332	NA	""	NA	5	NA	1.3	NA	9	6	33	3.5	0.2
49734	NA	"VIROSE"	NA	253	NA	""	NA	1	NA	1.3	NA	9	7	13	2.9	0.2
49742	NA	"SIMAAM"	NA	207	NA	""	NA	1	NA	1.3	NA	9	8	23	0.5	4.1
49745	NA	"ALSEBL"	NA	208	NA	""	NA	1	NA	1.3	NA	9	12	14	3	2.1
